Temps(s)	Position(mm)	Force(g)	Mouvement(0 ou 1)	Résistance(ohm)	condition	de la manip
0.552	0.011	0.000	-1	0.000	Manipulation	d ecrasement
50.595	0.011	0.000	0	0.000	Filename	test-over-weekend.dat
150.044	0.011	0.000	0	0.000	Date	3/2/2025
250.016	0.011	0.000	0	0.000	Time	08:58:00 s
350.035	0.011	0.000	0	0.000	Remarque	ecrasement de  .... d'une epaisseur de 
450.022	0.011	0.000	0	0.000	TempsEntreMesure	100.000 s
550.017	0.011	-0.002	0	0.000	TempsRelaxation	996.000 s
650.024	0.011	0.000	0	0.000	CourseTotal	11.000 mm
750.046	0.011	0.000	0	0.000	NbrEcrasement	999
850.073	0.011	0.000	0	0.000
950.068	0.011	0.000	0	0.000
1050.079	0.011	0.000	0	0.000
1150.074	0.022	0.000	0	0.000
1250.069	0.022	-0.000	0	0.000
1350.064	0.022	-0.001	0	0.000
1450.083	0.022	0.000	0	0.000
1550.083	0.022	0.000	0	0.000
1650.036	0.022	0.000	0	0.000
1750.043	0.022	0.000	0	0.000
1850.052	0.022	0.000	0	0.000
1950.046	0.022	0.000	0	0.000
2050.051	0.022	0.000	0	0.000
2150.062	0.022	0.000	0	0.000
2250.079	0.033	0.000	0	0.000
2350.042	0.033	0.000	0	0.000
2450.038	0.033	0.000	0	0.000
2550.040	0.033	-0.000	0	0.000
2650.024	0.033	0.000	0	0.000
2750.041	0.033	0.000	0	0.000
2850.037	0.033	0.000	0	0.000
2950.032	0.033	0.000	0	0.000
3050.045	0.033	0.000	0	0.000
3150.060	0.033	0.000	0	0.000
3250.051	0.033	-0.001	0	0.000
3350.042	0.044	0.000	0	0.000
3450.030	0.044	0.000	0	0.000
3550.012	0.044	0.000	0	0.000
3650.042	0.044	0.000	0	0.000
3750.053	0.044	0.000	0	0.000
3850.034	0.044	0.000	0	0.000
3950.055	0.044	0.000	0	0.000
4050.066	0.044	0.000	0	0.000
4150.057	0.044	-0.000	0	0.000
4250.069	0.044	0.000	0	0.000
4350.069	0.044	0.000	0	0.000
4450.072	0.055	0.000	0	0.000
4550.073	0.055	0.000	0	0.000
4650.033	0.055	0.000	0	0.000
4750.023	0.055	0.000	0	0.000
4850.054	0.055	0.000	0	0.000
4950.062	0.055	0.000	0	0.000
5050.072	0.055	0.000	0	0.000
5150.058	0.055	0.000	0	0.000
5250.031	0.055	0.000	0	0.000
5350.061	0.055	0.000	0	0.000
5450.064	0.055	0.000	0	0.000
5550.054	0.066	0.000	0	0.000
5650.067	0.066	0.000	0	0.000
5750.053	0.066	0.000	0	0.000
5850.032	0.066	0.000	0	0.000
5950.041	0.066	0.000	0	0.000
6050.049	0.066	0.000	0	0.000
6150.023	0.066	0.000	0	0.000
6250.003	0.066	0.000	0	0.000
6350.032	0.066	0.000	0	0.000
6450.045	0.066	0.000	0	0.000
6550.063	0.066	0.000	0	0.000
6650.080	0.077	0.000	0	0.000
6750.079	0.077	0.000	0	0.000
6850.085	0.077	0.000	0	0.000
6950.052	0.077	0.000	0	0.000
7050.036	0.077	0.000	0	0.000
7150.029	0.077	0.000	0	0.000
7250.037	0.077	-0.001	0	0.000
7350.048	0.077	0.000	0	0.000
7450.063	0.077	0.000	0	0.000
7550.056	0.077	0.000	0	0.000
7650.054	0.077	0.000	0	0.000
7750.051	0.088	0.000	0	0.000
7850.057	0.088	0.000	0	0.000
7950.094	0.088	0.000	0	0.000
8050.048	0.088	0.000	0	0.000
8150.052	0.088	0.000	0	0.000
8250.064	0.088	0.000	0	0.000
8350.037	0.088	0.000	0	0.000
8450.023	0.088	0.000	0	0.000
8550.052	0.088	0.000	0	0.000
8650.062	0.088	0.000	0	0.000
8750.055	0.088	0.000	0	0.000
8850.053	0.099	0.000	0	0.000
8950.054	0.099	0.000	0	0.000
9050.060	0.099	0.000	0	0.000
9150.020	0.099	0.000	0	0.000
9250.024	0.099	0.000	0	0.000
9350.042	0.099	0.000	0	0.000
9450.029	0.099	0.000	0	0.000
9550.051	0.099	0.000	0	0.000
9650.057	0.099	0.000	0	0.000
9750.040	0.099	0.000	0	0.000
9850.043	0.099	0.000	0	0.000
9950.019	0.110	0.000	0	0.000
10050.055	0.110	0.000	0	0.000
10150.075	0.110	0.000	0	0.000
10250.057	0.110	0.000	0	0.000
10350.040	0.110	0.000	0	0.000
10450.052	0.110	0.000	0	0.000
10550.080	0.110	0.000	0	0.000
10650.080	0.110	0.000	0	0.000
10750.053	0.110	-0.000	0	0.000
10850.020	0.110	0.002	0	0.000
10950.052	0.110	0.000	0	0.000
11050.073	0.121	0.000	0	0.000
11150.044	0.121	0.000	0	0.000
11250.028	0.121	0.000	0	0.000
11350.067	0.121	0.000	0	0.000
11450.050	0.121	0.000	0	0.000
11550.062	0.121	0.000	0	0.000
11650.068	0.121	0.000	0	0.000
11750.031	0.121	0.000	0	0.000
11850.034	0.121	0.000	0	0.000
11950.058	0.121	0.000	0	0.000
12050.055	0.121	0.000	0	0.000
12150.070	0.132	0.000	0	0.000
12250.074	0.132	0.000	0	0.000
12350.035	0.132	0.000	0	0.000
12450.019	0.132	0.000	0	0.000
12550.053	0.132	0.000	0	0.000
12650.081	0.132	0.000	0	0.000
12750.034	0.132	0.000	0	0.000
12850.029	0.132	0.000	0	0.000
12950.063	0.132	0.000	0	0.000
13050.083	0.132	0.000	0	0.000
13150.073	0.132	0.000	0	0.000
13250.028	0.143	0.000	0	0.000
13350.017	0.143	0.000	0	0.000
13450.055	0.143	0.000	0	0.000
13550.049	0.143	0.000	0	0.000
13650.027	0.143	0.000	0	0.000
13750.033	0.143	0.000	0	0.000
13850.062	0.143	0.000	0	0.000
13950.066	0.143	0.000	0	0.000
14050.050	0.143	0.000	0	0.000
14150.040	0.143	0.000	0	0.000
14250.010	0.143	0.000	0	0.000
14350.036	0.154	0.000	0	0.000
14450.089	0.154	0.000	0	0.000
14550.065	0.154	0.000	0	0.000
14650.055	0.154	0.000	0	0.000
14750.079	0.154	0.000	0	0.000
14850.044	0.154	0.000	0	0.000
14950.029	0.154	0.000	0	0.000
15050.055	0.154	0.000	0	0.000
15150.047	0.154	0.000	0	0.000
15250.053	0.154	0.000	0	0.000
15350.062	0.154	0.000	0	0.000
15450.077	0.165	0.000	0	0.000
15550.095	0.165	0.000	0	0.000
15650.072	0.165	0.000	0	0.000
15750.053	0.165	0.000	0	0.000
15850.025	0.165	0.000	0	0.000
15950.011	0.165	0.000	0	0.000
16050.031	0.165	0.000	0	0.000
16150.026	0.165	0.000	0	0.000
16250.024	0.165	0.000	0	0.000
16350.046	0.165	0.000	0	0.000
16450.082	0.165	0.000	0	0.000
16550.089	0.176	0.000	0	0.000
16650.066	0.176	0.000	0	0.000
16750.079	0.176	0.000	0	0.000
16850.090	0.176	0.000	0	0.000
16950.055	0.176	0.000	0	0.000
17050.042	0.176	0.000	0	0.000
17150.051	0.176	0.000	0	0.000
17250.019	0.176	0.000	0	0.000
17350.023	0.176	0.000	0	0.000
17450.059	0.176	0.000	0	0.000
17550.053	0.176	0.000	0	0.000
17650.067	0.187	0.000	0	0.000
17750.090	0.187	0.000	0	0.000
17850.059	0.187	0.000	0	0.000
17950.035	0.187	0.000	0	0.000
18050.054	0.187	0.000	0	0.000
18150.070	0.187	0.000	0	0.000
18250.038	0.187	0.000	0	0.000
18350.064	0.187	0.000	0	0.000
18450.063	0.187	0.000	0	0.000
18550.030	0.187	0.000	0	0.000
18650.042	0.187	0.000	0	0.000
18750.022	0.198	0.000	0	0.000
18850.036	0.198	0.000	0	0.000
18950.034	0.198	0.000	0	0.000
19050.029	0.198	0.000	0	0.000
19150.044	0.198	0.000	0	0.000
19250.031	0.198	0.000	0	0.000
19350.017	0.198	0.000	0	0.000
19450.031	0.198	0.000	0	0.000
19550.057	0.198	0.000	0	0.000
19650.045	0.198	0.000	0	0.000
19750.059	0.198	0.000	0	0.000
19850.089	0.209	0.000	0	0.000
19950.089	0.209	0.000	0	0.000
20050.067	0.209	0.000	0	0.000
20150.032	0.209	0.000	0	0.000
20250.020	0.209	0.000	0	0.000
20350.018	0.209	0.000	0	0.000
20450.058	0.209	0.000	0	0.000
20550.069	0.209	0.000	0	0.000
20650.058	0.209	0.000	0	0.000
20750.049	0.209	0.000	0	0.000
20850.054	0.209	0.000	0	0.000
20950.083	0.220	0.000	0	0.000
21050.053	0.220	0.000	0	0.000
21150.044	0.220	0.000	0	0.000
21250.066	0.220	0.000	0	0.000
21350.089	0.220	0.000	0	0.000
21450.083	0.220	0.000	0	0.000
21550.057	0.220	0.000	0	0.000
21650.056	0.220	0.000	0	0.000
21750.082	0.220	0.000	0	0.000
21850.102	0.220	0.000	0	0.000
21950.078	0.220	0.000	0	0.000
22050.047	0.231	0.000	0	0.000
22150.050	0.231	0.000	0	0.000
22250.070	0.231	0.000	0	0.000
22350.059	0.231	0.000	0	0.000
22450.042	0.231	0.000	0	0.000
22550.030	0.231	0.000	0	0.000
22650.043	0.231	0.000	0	0.000
22750.086	0.231	0.000	0	0.000
22850.055	0.231	0.000	0	0.000
22950.028	0.231	0.000	0	0.000
23050.025	0.231	0.000	0	0.000
23150.011	0.242	0.000	0	0.000
23250.025	0.242	0.000	0	0.000
23350.037	0.242	0.000	0	0.000
23450.043	0.242	0.000	0	0.000
23550.037	0.242	0.000	0	0.000
23650.065	0.242	0.000	0	0.000
23750.087	0.242	0.000	0	0.000
23850.046	0.242	0.000	0	0.000
23950.040	0.242	0.000	0	0.000
24050.082	0.242	0.000	0	0.000
24150.062	0.242	0.000	0	0.000
24250.067	0.253	0.000	0	0.000
24350.087	0.253	0.000	0	0.000
24450.041	0.253	0.000	0	0.000
24550.033	0.253	0.000	0	0.000
24650.056	0.253	0.000	0	0.000
24750.035	0.253	0.000	0	0.000
24850.024	0.253	0.000	0	0.000
24950.051	0.253	0.000	0	0.000
25050.042	0.253	0.000	0	0.000
25150.021	0.253	0.000	0	0.000
25250.028	0.253	0.000	0	0.000
25350.056	0.264	0.000	0	0.000
25450.087	0.264	0.000	0	0.000
25550.079	0.264	0.000	0	0.000
25650.038	0.264	0.000	0	0.000
25750.045	0.264	0.000	0	0.000
25850.071	0.264	0.000	0	0.000
25950.086	0.264	0.000	0	0.000
26050.098	0.264	0.000	0	0.000
26150.069	0.264	0.000	0	0.000
26250.067	0.264	0.000	0	0.000
26350.068	0.264	0.000	0	0.000
26450.077	0.275	0.000	0	0.000
26550.063	0.275	0.000	0	0.000
26650.011	0.275	0.000	0	0.000
26750.041	0.275	0.000	0	0.000
26850.047	0.275	0.000	0	0.000
26950.049	0.275	0.000	0	0.000
27050.084	0.275	0.000	0	0.000
27150.053	0.275	0.000	0	0.000
27250.024	0.275	0.000	0	0.000
27350.027	0.275	0.000	0	0.000
27450.052	0.275	0.000	0	0.000
27550.092	0.286	0.000	0	0.000
27650.082	0.286	0.000	0	0.000
27750.053	0.286	0.000	0	0.000
27850.051	0.286	0.000	0	0.000
27950.080	0.286	0.000	0	0.000
28050.072	0.286	0.000	0	0.000
28150.036	0.286	0.000	0	0.000
28250.059	0.286	0.000	0	0.000
28350.055	0.286	0.000	0	0.000
28450.052	0.286	0.000	0	0.000
28550.050	0.286	0.000	0	0.000
28650.058	0.297	0.000	0	0.000
28750.079	0.297	0.000	0	0.000
28850.063	0.297	0.000	0	0.000
28950.048	0.297	0.000	0	0.000
29050.067	0.297	0.000	0	0.000
29150.051	0.297	0.000	0	0.000
29250.037	0.297	0.000	0	0.000
29350.066	0.297	0.000	0	0.000
29450.062	0.297	0.000	0	0.000
29550.069	0.297	0.000	0	0.000
29650.094	0.297	0.000	0	0.000
29750.070	0.308	0.000	0	0.000
29850.017	0.308	0.000	0	0.000
29950.006	0.308	0.000	0	0.000
30050.005	0.308	0.000	0	0.000
30150.004	0.308	0.000	0	0.000
30250.038	0.308	0.000	0	0.000
30350.062	0.308	0.000	0	0.000
30450.077	0.308	0.000	0	0.000
30550.070	0.308	0.000	0	0.000
30650.018	0.308	0.000	0	0.000
30750.007	0.308	0.000	0	0.000
30850.057	0.319	0.000	0	0.000
30950.080	0.319	0.000	0	0.000
31050.047	0.319	0.000	0	0.000
31150.058	0.319	0.000	0	0.000
31250.045	0.319	0.000	0	0.000
31350.058	0.319	0.000	0	0.000
31450.106	0.319	0.000	0	0.000
31550.061	0.319	0.000	0	0.000
31650.009	0.319	0.000	0	0.000
31750.026	0.319	0.000	0	0.000
31850.045	0.319	0.000	0	0.000
31950.038	0.330	0.000	0	0.000
32050.068	0.330	0.000	0	0.000
32150.060	0.330	0.000	0	0.000
32250.038	0.330	0.000	0	0.000
32350.059	0.330	0.000	0	0.000
32450.053	0.330	0.000	0	0.000
32550.048	0.330	0.000	0	0.000
32650.041	0.330	0.000	0	0.000
32750.018	0.330	0.000	0	0.000
32850.059	0.330	0.000	0	0.000
32950.081	0.330	0.000	0	0.000
33050.053	0.341	0.000	0	0.000
33150.077	0.341	0.000	0	0.000
33250.059	0.341	0.000	0	0.000
33350.038	0.341	0.000	0	0.000
33450.042	0.341	0.000	0	0.000
33550.028	0.341	0.006	0	0.000
33650.043	0.341	0.045	0	0.000
33750.043	0.341	0.050	0	0.000
33850.033	0.341	0.053	0	0.000
33950.046	0.341	0.060	0	0.000
34050.086	0.341	0.060	0	0.000
34150.090	0.352	0.064	0	0.000
34250.058	0.352	0.070	0	0.000
34350.041	0.352	0.070	0	0.000
34450.032	0.352	0.071	0	0.000
34550.044	0.352	0.080	0	0.000
34650.043	0.352	0.080	0	0.000
34750.036	0.352	0.083	0	0.000
34850.051	0.352	0.090	0	0.000
34950.047	0.352	0.090	0	0.000
35050.027	0.352	0.092	0	0.000
35150.037	0.352	0.100	0	0.000
35250.071	0.363	0.100	0	0.000
35350.044	0.363	0.110	0	0.000
35450.039	0.363	0.113	0	0.000
35550.046	0.363	0.120	0	0.000
35650.054	0.363	0.120	0	0.000
35750.072	0.363	0.126	0	0.000
35850.038	0.363	0.130	0	0.000
35950.017	0.363	0.133	0	0.000
36050.061	0.363	0.140	0	0.000
36150.058	0.363	0.140	0	0.000
36250.018	0.363	0.147	0	0.000
36350.012	0.374	0.150	0	0.000
36450.019	0.374	0.154	0	0.000
36550.037	0.374	0.160	0	0.000
36650.032	0.374	0.164	0	0.000
36750.053	0.374	0.170	0	0.000
36850.054	0.374	0.170	0	0.000
36950.057	0.374	0.177	0	0.000
37050.096	0.374	0.180	0	0.000
37150.100	0.374	0.180	0	0.000
37250.097	0.374	0.190	0	0.000
37350.060	0.374	0.190	0	0.000
37450.021	0.385	0.194	0	0.000
37550.035	0.385	0.200	0	0.000
37650.047	0.385	0.206	0	0.000
37750.055	0.385	0.210	0	0.000
37850.089	0.385	0.219	0	0.000
37950.060	0.385	0.220	0	0.000
38050.056	0.385	0.226	0	0.000
38150.060	0.385	0.230	0	0.000
38250.028	0.385	0.235	0	0.000
38350.026	0.385	0.240	0	0.000
38450.037	0.385	0.243	0	0.000
38550.061	0.396	0.250	0	0.000
38650.093	0.396	0.254	0	0.000
38750.087	0.396	0.260	0	0.000
38850.073	0.396	0.266	0	0.000
38950.088	0.396	0.270	0	0.000
39050.094	0.396	0.270	0	0.000
39150.098	0.396	0.279	0	0.000
39250.096	0.396	0.280	0	0.000
39350.070	0.396	0.285	0	0.000
39450.069	0.396	0.290	0	0.000
39550.079	0.396	0.291	0	0.000
39650.061	0.407	0.300	0	0.000
39750.041	0.407	0.300	0	0.000
39850.035	0.407	0.309	0	0.000
39950.056	0.407	0.310	0	0.000
40050.061	0.407	0.318	0	0.000
40150.076	0.407	0.320	0	0.000
40250.068	0.407	0.327	0	0.000
40350.032	0.407	0.330	0	0.000
40450.026	0.407	0.340	0	0.000
40550.054	0.407	0.345	0	0.000
40650.055	0.407	0.350	0	0.000
40750.033	0.418	0.353	0	0.000
40850.069	0.418	0.360	0	0.000
40950.072	0.418	0.362	0	0.000
41050.056	0.418	0.370	0	0.000
41150.079	0.418	0.375	0	0.000
41250.073	0.418	0.380	0	0.000
41350.038	0.418	0.385	0	0.000
41450.018	0.418	0.390	0	0.000
41550.050	0.418	0.392	0	0.000
41650.049	0.418	0.400	0	0.000
41750.055	0.418	0.403	0	0.000
41850.063	0.429	0.410	0	0.000
41950.052	0.429	0.414	0	0.000
42050.081	0.429	0.420	0	0.000
42150.083	0.429	0.424	0	0.000
42250.066	0.429	0.430	0	0.000
42350.082	0.429	0.433	0	0.000
42450.108	0.429	0.440	0	0.000
42550.078	0.429	0.440	0	0.000
42650.053	0.429	0.450	0	0.000
42750.065	0.429	0.450	0	0.000
42850.073	0.429	0.456	0	0.000
42950.067	0.440	0.460	0	0.000
43050.050	0.440	0.460	0	0.000
43150.043	0.440	0.466	0	0.000
43250.032	0.440	0.470	0	0.000
43350.017	0.440	0.470	0	0.000
43450.035	0.440	0.471	0	0.000
43550.053	0.440	0.480	0	0.000
43650.056	0.440	0.480	0	0.000
43750.045	0.440	0.480	0	0.000
43850.039	0.440	0.480	0	0.000
43950.059	0.440	0.481	0	0.000
44050.058	0.451	0.490	0	0.000
44150.035	0.451	0.497	0	0.000
44250.040	0.451	0.506	0	0.000
44350.068	0.451	0.510	0	0.000
44450.072	0.451	0.510	0	0.000
44550.047	0.451	0.511	0	0.000
44650.030	0.451	0.520	0	0.000
44750.039	0.451	0.520	0	0.000
44850.050	0.451	0.514	0	0.000
44950.067	0.451	0.510	0	0.000
45050.077	0.451	0.510	0	0.000
45150.076	0.462	0.510	0	0.000
45250.079	0.462	0.510	0	0.000
45350.042	0.462	0.510	0	0.000
45450.056	0.462	0.502	0	0.000
45550.102	0.462	0.500	0	0.000
45650.071	0.462	0.500	0	0.000
45750.062	0.462	0.500	0	0.000
45850.094	0.462	0.500	0	0.000
45950.101	0.462	0.498	0	0.000
46050.102	0.462	0.490	0	0.000
46150.082	0.462	0.490	0	0.000
46250.044	0.473	0.498	0	0.000
46350.014	0.473	0.500	0	0.000
46450.048	0.473	0.500	0	0.000
46550.078	0.473	0.500	0	0.000
46650.051	0.473	0.500	0	0.000
46750.065	0.473	0.500	0	0.000
46850.074	0.473	0.500	0	0.000
46950.035	0.473	0.500	0	0.000
47050.042	0.473	0.500	0	0.000
47150.087	0.473	0.504	0	0.000
47250.087	0.473	0.510	0	0.000
47350.044	0.484	0.510	0	0.000
47450.032	0.484	0.510	0	0.000
47550.051	0.484	0.510	0	0.000
47650.034	0.484	0.515	0	0.000
47750.029	0.484	0.520	0	0.000
47850.029	0.484	0.520	0	0.000
47950.036	0.484	0.520	0	0.000
48050.043	0.484	0.520	0	0.000
48150.067	0.484	0.520	0	0.000
48250.102	0.484	0.528	0	0.000
48350.071	0.484	0.530	0	0.000
48450.039	0.495	0.530	0	0.000
48550.058	0.495	0.530	0	0.000
48650.056	0.495	0.522	0	0.000
48750.026	0.495	0.520	0	0.000
48850.029	0.495	0.525	0	0.000
48950.044	0.495	0.530	0	0.000
49050.059	0.495	0.530	0	0.000
49150.057	0.495	0.530	0	0.000
49250.068	0.495	0.530	0	0.000
49350.064	0.495	0.530	0	0.000
49450.056	0.495	0.534	0	0.000
49550.054	0.507	0.540	0	0.000
49650.046	0.507	0.540	0	0.000
49750.043	0.507	0.540	0	0.000
49850.028	0.507	0.540	0	0.000
49950.025	0.507	0.543	0	0.000
50050.041	0.507	0.550	0	0.000
50150.036	0.507	0.550	0	0.000
50250.055	0.507	0.550	0	0.000
50350.099	0.507	0.550	0	0.000
50450.050	0.507	0.550	0	0.000
50550.022	0.507	0.550	0	0.000
50650.021	0.518	0.558	0	0.000
50750.020	0.518	0.560	0	0.000
50850.046	0.518	0.560	0	0.000
50950.030	0.518	0.560	0	0.000
51050.050	0.518	0.560	0	0.000
51150.091	0.518	0.560	0	0.000
51250.073	0.518	0.564	0	0.000
51350.060	0.518	0.570	0	0.000
51450.059	0.518	0.570	0	0.000
51550.057	0.518	0.570	0	0.000
51650.073	0.518	0.570	0	0.000
51750.055	0.529	0.570	0	0.000
51850.035	0.529	0.578	0	0.000
51950.061	0.529	0.580	0	0.000
52050.080	0.529	0.580	0	0.000
52150.048	0.529	0.580	0	0.000
52250.049	0.529	0.580	0	0.000
52350.060	0.529	0.580	0	0.000
52450.052	0.529	0.589	0	0.000
52550.053	0.529	0.590	0	0.000
52650.053	0.529	0.590	0	0.000
52750.064	0.529	0.590	0	0.000
52850.035	0.540	0.590	0	0.000
52950.070	0.540	0.591	0	0.000
53050.096	0.540	0.600	0	0.000
53150.053	0.540	0.600	0	0.000
53250.029	0.540	0.600	0	0.000
53350.077	0.540	0.600	0	0.000
53450.108	0.540	0.600	0	0.000
53550.057	0.540	0.601	0	0.000
53650.049	0.540	0.610	0	0.000
53750.081	0.540	0.610	0	0.000
53850.055	0.540	0.610	0	0.000
53950.064	0.551	0.610	0	0.000
54050.069	0.551	0.610	0	0.000
54150.035	0.551	0.610	0	0.000
54250.052	0.551	0.618	0	0.000
54350.057	0.551	0.620	0	0.000
54450.036	0.551	0.620	0	0.000
54550.061	0.551	0.620	0	0.000
54650.073	0.551	0.620	0	0.000
54750.051	0.551	0.623	0	0.000
54850.051	0.551	0.630	0	0.000
54950.037	0.551	0.630	0	0.000
55050.033	0.562	0.630	0	0.000
55150.039	0.562	0.630	0	0.000
55250.056	0.562	0.630	0	0.000
55350.072	0.562	0.630	0	0.000
55450.060	0.562	0.630	0	0.000
55550.068	0.562	0.630	0	0.000
55650.067	0.562	0.630	0	0.000
55750.081	0.562	0.630	0	0.000
55850.061	0.562	0.639	0	0.000
55950.061	0.562	0.640	0	0.000
56050.087	0.562	0.640	0	0.000
56150.043	0.573	0.640	0	0.000
56250.032	0.573	0.640	0	0.000
56350.050	0.573	0.640	0	0.000
56450.063	0.573	0.640	0	0.000
56550.044	0.573	0.640	0	0.000
56650.053	0.573	0.640	0	0.000
56750.099	0.573	0.640	0	0.000
56850.099	0.573	0.640	0	0.000
56950.061	0.573	0.640	0	0.000
57050.020	0.573	0.640	0	0.000
57150.060	0.573	0.640	0	0.000
57250.055	0.584	0.647	0	0.000
57350.058	0.584	0.650	0	0.000
57450.090	0.584	0.650	0	0.000
57550.037	0.584	0.650	0	0.000
57650.018	0.584	0.650	0	0.000
57750.042	0.584	0.650	0	0.000
57850.043	0.584	0.650	0	0.000
57950.060	0.584	0.650	0	0.000
58050.073	0.584	0.650	0	0.000
58150.043	0.584	0.650	0	0.000
58250.060	0.584	0.650	0	0.000
58350.074	0.595	0.650	0	0.000
58450.035	0.595	0.650	0	0.000
58550.057	0.595	0.650	0	0.000
58650.087	0.595	0.654	0	0.000
58750.097	0.595	0.660	0	0.000
58850.070	0.595	0.660	0	0.000
58950.023	0.595	0.660	0	0.000
59050.057	0.595	0.660	0	0.000
59150.077	0.595	0.660	0	0.000
59250.057	0.595	0.660	0	0.000
59350.051	0.595	0.660	0	0.000
59450.027	0.606	0.660	0	0.000
59550.001	0.606	0.660	0	0.000
59650.017	0.606	0.660	0	0.000
59750.049	0.606	0.660	0	0.000
59850.058	0.606	0.665	0	0.000
59950.084	0.606	0.670	0	0.000
60050.082	0.606	0.670	0	0.000
60150.073	0.606	0.670	0	0.000
60250.079	0.606	0.670	0	0.000
60350.086	0.606	0.670	0	0.000
60450.062	0.606	0.670	0	0.000
60550.031	0.617	0.670	0	0.000
60650.030	0.617	0.670	0	0.000
60750.007	0.617	0.670	0	0.000
60850.039	0.617	0.670	0	0.000
60950.043	0.617	0.670	0	0.000
61050.047	0.617	0.671	0	0.000
61150.075	0.617	0.680	0	0.000
61250.037	0.617	0.680	0	0.000
61350.017	0.617	0.680	0	0.000
61450.069	0.617	0.680	0	0.000
61550.101	0.617	0.680	0	0.000
61650.090	0.628	0.680	0	0.000
61750.066	0.628	0.680	0	0.000
61850.048	0.628	0.680	0	0.000
61950.056	0.628	0.680	0	0.000
62050.059	0.628	0.680	0	0.000
62150.030	0.628	0.680	0	0.000
62250.033	0.628	0.680	0	0.000
62350.044	0.628	0.683	0	0.000
62450.031	0.628	0.690	0	0.000
62550.067	0.628	0.690	0	0.000
62650.101	0.628	0.690	0	0.000
62750.073	0.639	0.690	0	0.000
62850.062	0.639	0.690	0	0.000
62950.052	0.639	0.690	0	0.000
63050.049	0.639	0.690	0	0.000
63150.071	0.639	0.690	0	0.000
63250.070	0.639	0.690	0	0.000
63350.078	0.639	0.690	0	0.000
63450.074	0.639	0.690	0	0.000
63550.078	0.639	0.690	0	0.000
63650.082	0.639	0.699	0	0.000
63750.040	0.639	0.700	0	0.000
63850.010	0.650	0.700	0	0.000
63950.029	0.650	0.700	0	0.000
64050.055	0.650	0.700	0	0.000
64150.040	0.650	0.700	0	0.000
64250.059	0.650	0.700	0	0.000
64350.091	0.650	0.700	0	0.000
64450.069	0.650	0.700	0	0.000
64550.044	0.650	0.700	0	0.000
64650.052	0.650	0.700	0	0.000
64750.068	0.650	0.702	0	0.000
64850.050	0.650	0.710	0	0.000
64950.053	0.661	0.710	0	0.000
65050.050	0.661	0.710	0	0.000
65150.033	0.661	0.710	0	0.000
65250.021	0.661	0.710	0	0.000
65350.002	0.661	0.710	0	0.000
65450.037	0.661	0.710	0	0.000
65550.040	0.661	0.710	0	0.000
65650.019	0.661	0.710	0	0.000
65750.031	0.661	0.710	0	0.000
65850.059	0.661	0.710	0	0.000
65950.070	0.661	0.710	0	0.000
66050.074	0.672	0.719	0	0.000
66150.090	0.672	0.720	0	0.000
66250.094	0.672	0.720	0	0.000
66350.091	0.672	0.720	0	0.000
66450.051	0.672	0.720	0	0.000
66550.042	0.672	0.720	0	0.000
66650.071	0.672	0.720	0	0.000
66750.056	0.672	0.720	0	0.000
66850.028	0.672	0.720	0	0.000
66950.013	0.672	0.725	0	0.000
67050.020	0.672	0.730	0	0.000
67150.019	0.683	0.730	0	0.000
67250.027	0.683	0.730	0	0.000
67350.045	0.683	0.730	0	0.000
67450.036	0.683	0.730	0	0.000
67550.068	0.683	0.730	0	0.000
67650.085	0.683	0.730	0	0.000
67750.070	0.683	0.730	0	0.000
67850.038	0.683	0.736	0	0.000
67950.024	0.683	0.740	0	0.000
68050.025	0.683	0.740	0	0.000
68150.048	0.683	0.740	0	0.000
68250.061	0.694	0.740	0	0.000
68350.061	0.694	0.740	0	0.000
68450.063	0.694	0.740	0	0.000
68550.074	0.694	0.740	0	0.000
68650.086	0.694	0.740	0	0.000
68750.086	0.694	0.740	0	0.000
68850.068	0.694	0.742	0	0.000
68950.064	0.694	0.750	0	0.000
69050.069	0.694	0.750	0	0.000
69150.030	0.694	0.750	0	0.000
69250.010	0.694	0.750	0	0.000
69350.015	0.705	0.750	0	0.000
69450.042	0.705	0.750	0	0.000
69550.056	0.705	0.750	0	0.000
69650.038	0.705	0.750	0	0.000
69750.045	0.705	0.750	0	0.000
69850.038	0.705	0.754	0	0.000
69950.017	0.705	0.760	0	0.000
70050.030	0.705	0.760	0	0.000
70150.068	0.705	0.760	0	0.000
70250.099	0.705	0.760	0	0.000
70350.068	0.705	0.760	0	0.000
70450.040	0.716	0.760	0	0.000
70550.071	0.716	0.760	0	0.000
70650.071	0.716	0.763	0	0.000
70750.086	0.716	0.770	0	0.000
70850.090	0.716	0.770	0	0.000
70950.083	0.716	0.770	0	0.000
71050.099	0.716	0.770	0	0.000
71150.101	0.716	0.770	0	0.000
71250.077	0.716	0.780	0	0.000
71350.079	0.716	0.780	0	0.000
71450.088	0.716	0.780	0	0.000
71550.081	0.727	0.780	0	0.000
71650.054	0.727	0.780	0	0.000
71750.014	0.727	0.780	0	0.000
71850.030	0.727	0.786	0	0.000
71950.051	0.727	0.790	0	0.000
72050.060	0.727	0.790	0	0.000
72150.053	0.727	0.790	0	0.000
72250.076	0.727	0.790	0	0.000
72350.067	0.727	0.790	0	0.000
72450.064	0.727	0.795	0	0.000
72550.067	0.727	0.800	0	0.000
72650.061	0.738	0.800	0	0.000
72750.087	0.738	0.800	0	0.000
72850.066	0.738	0.800	0	0.000
72950.052	0.738	0.800	0	0.000
73050.036	0.738	0.800	0	0.000
73150.043	0.738	0.800	0	0.000
73250.039	0.738	0.807	0	0.000
73350.060	0.738	0.810	0	0.000
73450.057	0.738	0.810	0	0.000
73550.030	0.738	0.810	0	0.000
73650.044	0.738	0.810	0	0.000
73750.078	0.749	0.810	0	0.000
73850.066	0.749	0.810	0	0.000
73950.055	0.749	0.810	0	0.000
74050.057	0.749	0.813	0	0.000
74150.056	0.749	0.820	0	0.000
74250.087	0.749	0.820	0	0.000
74350.059	0.749	0.820	0	0.000
74450.017	0.749	0.820	0	0.000
74550.035	0.749	0.820	0	0.000
74650.079	0.749	0.820	0	0.000
74750.077	0.749	0.820	0	0.000
74850.052	0.760	0.820	0	0.000
74950.028	0.760	0.824	0	0.000
75050.027	0.760	0.830	0	0.000
75150.040	0.760	0.830	0	0.000
75250.059	0.760	0.830	0	0.000
75350.048	0.760	0.830	0	0.000
75450.018	0.760	0.830	0	0.000
75550.061	0.760	0.830	0	0.000
75650.101	0.760	0.830	0	0.000
75750.079	0.760	0.830	0	0.000
75850.060	0.760	0.830	0	0.000
75950.044	0.771	0.830	0	0.000
76050.023	0.771	0.830	0	0.000
76150.045	0.771	0.840	0	0.000
76250.083	0.771	0.840	0	0.000
76350.092	0.771	0.840	0	0.000
76450.056	0.771	0.840	0	0.000
76550.052	0.771	0.840	0	0.000
76650.078	0.771	0.840	0	0.000
76750.052	0.771	0.848	0	0.000
76850.019	0.771	0.850	0	0.000
76950.025	0.771	0.850	0	0.000
77050.055	0.782	0.850	0	0.000
77150.088	0.782	0.850	0	0.000
77250.070	0.782	0.850	0	0.000
77350.068	0.782	0.850	0	0.000
77450.092	0.782	0.850	0	0.000
77550.080	0.782	0.850	0	0.000
77650.042	0.782	0.850	0	0.000
77750.013	0.782	0.850	0	0.000
77850.028	0.782	0.850	0	0.000
77950.054	0.782	0.850	0	0.000
78050.043	0.782	0.850	0	0.000
78150.035	0.793	0.850	0	0.000
78250.075	0.793	0.850	0	0.000
78350.067	0.793	0.854	0	0.000
78450.025	0.793	0.860	0	0.000
78550.068	0.793	0.860	0	0.000
78650.089	0.793	0.860	0	0.000
78750.044	0.793	0.860	0	0.000
78850.056	0.793	0.860	0	0.000
78950.100	0.793	0.860	0	0.000
79050.061	0.793	0.860	0	0.000
79150.035	0.793	0.860	0	0.000
79250.059	0.804	0.860	0	0.000
79350.073	0.804	0.860	0	0.000
79450.055	0.804	0.860	0	0.000
79550.052	0.804	0.860	0	0.000
79650.043	0.804	0.860	0	0.000
79750.024	0.804	0.860	0	0.000
79850.061	0.804	0.865	0	0.000
79950.090	0.804	0.870	0	0.000
80050.099	0.804	0.870	0	0.000
80150.098	0.804	0.870	0	0.000
80250.056	0.804	0.870	0	0.000
80350.054	0.815	0.870	0	0.000
80450.064	0.815	0.870	0	0.000
80550.071	0.815	0.870	0	0.000
80650.060	0.815	0.870	0	0.000
80750.032	0.815	0.870	0	0.000
80850.065	0.815	0.876	0	0.000
80950.073	0.815	0.880	0	0.000
81050.054	0.815	0.880	0	0.000
81150.038	0.815	0.880	0	0.000
81250.016	0.815	0.880	0	0.000
81350.055	0.815	0.880	0	0.000
81450.073	0.826	0.880	0	0.000
81550.057	0.826	0.880	0	0.000
81650.088	0.826	0.880	0	0.000
81750.068	0.826	0.880	0	0.000
81850.071	0.826	0.880	0	0.000
81950.057	0.826	0.880	0	0.000
82050.020	0.826	0.880	0	0.000
82150.022	0.826	0.880	0	0.000
82250.042	0.826	0.887	0	0.000
82350.069	0.826	0.890	0	0.000
82450.062	0.826	0.890	0	0.000
82550.075	0.837	0.890	0	0.000
82650.062	0.837	0.890	0	0.000
82750.042	0.837	0.890	0	0.000
82850.044	0.837	0.890	0	0.000
82950.023	0.837	0.890	0	0.000
83050.030	0.837	0.890	0	0.000
83150.056	0.837	0.890	0	0.000
83250.081	0.837	0.890	0	0.000
83350.051	0.837	0.890	0	0.000
83450.015	0.837	0.890	0	0.000
83550.048	0.837	0.899	0	0.000
83650.087	0.848	0.900	0	0.000
83750.061	0.848	0.900	0	0.000
83850.041	0.848	0.900	0	0.000
83950.065	0.848	0.900	0	0.000
84050.077	0.848	0.900	0	0.000
84150.061	0.848	0.900	0	0.000
84250.044	0.848	0.900	0	0.000
84350.039	0.848	0.900	0	0.000
84450.053	0.848	0.900	0	0.000
84550.088	0.848	0.900	0	0.000
84650.060	0.848	0.900	0	0.000
84750.045	0.859	0.900	0	0.000
84850.073	0.859	0.905	0	0.000
84950.074	0.859	0.910	0	0.000
85050.036	0.859	0.910	0	0.000
85150.036	0.859	0.910	0	0.000
85250.083	0.859	0.910	0	0.000
85350.103	0.859	0.910	0	0.000
85450.065	0.859	0.910	0	0.000
85550.060	0.859	0.910	0	0.000
85650.092	0.859	0.910	0	0.000
85750.067	0.859	0.910	0	0.000
85850.049	0.870	0.910	0	0.000
85950.090	0.870	0.910	0	0.000
86050.058	0.870	0.910	0	0.000
86150.033	0.870	0.920	0	0.000
86250.080	0.870	0.920	0	0.000
86350.081	0.870	0.920	0	0.000
86450.041	0.870	0.920	0	0.000
86550.021	0.870	0.920	0	0.000
86650.055	0.870	0.920	0	0.000
86750.102	0.870	0.920	0	0.000
86850.082	0.870	0.920	0	0.000
86950.043	0.881	0.920	0	0.000
87050.066	0.881	0.920	0	0.000
87150.087	0.881	0.929	0	0.000
87250.071	0.881	0.930	0	0.000
87350.068	0.881	0.930	0	0.000
87450.082	0.881	0.930	0	0.000
87550.106	0.881	0.930	0	0.000
87650.103	0.881	0.930	0	0.000
87750.094	0.881	0.930	0	0.000
87850.079	0.881	0.930	0	0.000
87950.043	0.881	0.930	0	0.000
88050.045	0.892	0.930	0	0.000
88150.084	0.892	0.930	0	0.000
88250.069	0.892	0.930	0	0.000
88350.065	0.892	0.933	0	0.000
88450.056	0.892	0.940	0	0.000
88550.067	0.892	0.940	0	0.000
88650.061	0.892	0.940	0	0.000
88750.047	0.892	0.940	0	0.000
88850.606	0.892	0.940	0	0.000
88950.592	0.892	0.940	0	0.000
89050.071	0.892	0.945	0	0.000
89150.075	0.903	0.950	0	0.000
89250.046	0.903	0.950	0	0.000
89350.069	0.903	0.950	0	0.000
89450.056	0.903	0.951	0	0.000
89550.034	0.903	0.960	0	0.000
89650.059	0.903	0.960	0	0.000
89750.093	0.903	0.960	0	0.000
89850.101	0.903	0.960	0	0.000
89950.096	0.903	0.960	0	0.000
90050.055	0.903	0.960	0	0.000
90150.039	0.903	0.960	0	0.000
90250.064	0.914	0.960	0	0.000
90350.042	0.914	0.960	0	0.000
90450.058	0.914	0.960	0	0.000
90550.090	0.914	0.960	0	0.000
90650.085	0.914	0.960	0	0.000
90750.053	0.914	0.962	0	0.000
90850.032	0.914	0.970	0	0.000
90950.051	0.914	0.970	0	0.000
91050.046	0.914	0.970	0	0.000
91150.046	0.914	0.970	0	0.000
91250.032	0.914	0.970	0	0.000
91350.039	0.925	0.970	0	0.000
91450.034	0.925	0.970	0	0.000
91550.024	0.925	0.970	0	0.000
91650.064	0.925	0.970	0	0.000
91750.057	0.925	0.970	0	0.000
91850.016	0.925	0.970	0	0.000
91950.013	0.925	0.976	0	0.000
92050.062	0.925	0.980	0	0.000
92150.087	0.925	0.980	0	0.000
92250.060	0.925	0.980	0	0.000
92350.072	0.925	0.980	0	0.000
92450.061	0.936	0.980	0	0.000
92550.056	0.936	0.980	0	0.000
92650.046	0.936	0.980	0	0.000
92750.056	0.936	0.980	0	0.000
92850.076	0.936	0.980	0	0.000
92950.071	0.936	0.980	0	0.000
93050.047	0.936	0.990	0	0.000
93150.034	0.936	0.990	0	0.000
93250.077	0.936	0.990	0	0.000
93350.064	0.936	0.990	0	0.000
93450.046	0.936	0.990	0	0.000
93550.055	0.947	0.990	0	0.000
93650.059	0.947	0.990	0	0.000
93750.050	0.947	0.990	0	0.000
93850.043	0.947	0.990	0	0.000
93950.044	0.947	0.990	0	0.000
94050.070	0.947	0.990	0	0.000
94150.077	0.947	0.997	0	0.000
94250.082	0.947	1.000	0	0.000
94350.086	0.947	1.000	0	0.000
94450.035	0.947	1.000	0	0.000
94550.052	0.947	1.000	0	0.000
94650.100	0.958	1.000	0	0.000
94750.082	0.958	1.000	0	0.000
94850.051	0.958	1.000	0	0.000
94950.026	0.958	1.000	0	0.000
95050.059	0.958	1.000	0	0.000
95150.095	0.958	1.000	0	0.000
95250.074	0.958	1.000	0	0.000
95350.067	0.958	1.007	0	0.000
95450.046	0.958	1.010	0	0.000
95550.059	0.958	1.010	0	0.000
95650.086	0.958	1.010	0	0.000
95750.058	0.969	1.010	0	0.000
95850.025	0.969	1.010	0	0.000
95950.015	0.969	1.010	0	0.000
96050.034	0.969	1.010	0	0.000
96150.051	0.969	1.010	0	0.000
96250.043	0.969	1.010	0	0.000
96350.044	0.969	1.010	0	0.000
96450.039	0.969	1.010	0	0.000
96550.039	0.969	1.019	0	0.000
96650.068	0.969	1.020	0	0.000
96750.055	0.969	1.020	0	0.000
96850.015	0.980	1.020	0	0.000
96950.011	0.980	1.020	0	0.000
97050.011	0.980	1.020	0	0.000
97150.043	0.980	1.020	0	0.000
97250.068	0.980	1.020	0	0.000
97350.035	0.980	1.020	0	0.000
97450.049	0.980	1.020	0	0.000
97550.061	0.980	1.020	0	0.000
97650.049	0.980	1.026	0	0.000
97750.039	0.980	1.030	0	0.000
97850.054	0.980	1.030	0	0.000
97950.097	0.991	1.030	0	0.000
98050.110	0.991	1.030	0	0.000
98150.071	0.991	1.030	0	0.000
98250.044	0.991	1.030	0	0.000
98350.040	0.991	1.030	0	0.000
98450.070	0.991	1.030	0	0.000
98550.075	0.991	1.040	0	0.000
98650.075	0.991	1.040	0	0.000
98750.060	0.991	1.040	0	0.000
98850.036	0.991	1.040	0	0.000
98950.069	0.991	1.040	0	0.000
99050.048	1.002	1.040	0	0.000
99150.034	1.002	1.040	0	0.000
99250.041	1.002	1.040	0	0.000
99350.070	1.002	1.040	0	0.000
99450.074	1.002	1.040	0	0.000
99550.063	1.002	1.047	0	0.000
99650.093	1.002	1.050	0	0.000
99750.067	1.002	1.050	0	0.000
99850.046	1.002	1.050	0	0.000
99950.062	1.002	1.050	0	0.000
100050.056	1.002	1.050	0	0.000
100150.033	1.013	1.050	0	0.000
100250.023	1.013	1.050	0	0.000
100350.039	1.013	1.050	0	0.000
100450.088	1.013	1.054	0	0.000
100550.088	1.013	1.060	0	0.000
100650.040	1.013	1.060	0	0.000
100750.034	1.013	1.060	0	0.000
100850.031	1.013	1.060	0	0.000
100950.031	1.013	1.060	0	0.000
101050.040	1.013	1.060	0	0.000
101150.025	1.013	1.069	0	0.000
101250.050	1.024	1.070	0	0.000
101350.072	1.024	1.070	0	0.000
101450.062	1.024	1.070	0	0.000
101550.101	1.024	1.070	0	0.000
101650.061	1.024	1.070	0	0.000
101750.012	1.024	1.070	0	0.000
101850.026	1.024	1.070	0	0.000
101950.028	1.024	1.070	0	0.000
102050.062	1.024	1.070	0	0.000
102150.088	1.024	1.074	0	0.000
102250.047	1.024	1.080	0	0.000
102350.035	1.035	1.080	0	0.000
102450.058	1.035	1.080	0	0.000
102550.045	1.035	1.080	0	0.000
102650.006	1.035	1.080	0	0.000
102750.030	1.035	1.080	0	0.000
102850.041	1.035	1.080	0	0.000
102950.053	1.035	1.080	0	0.000
103050.087	1.035	1.080	0	0.000
103150.049	1.035	1.080	0	0.000
103250.013	1.035	1.090	0	0.000
103350.028	1.035	1.090	0	0.000
103450.051	1.046	1.090	0	0.000
103550.043	1.046	1.090	0	0.000
103650.061	1.046	1.090	0	0.000
103750.106	1.046	1.090	0	0.000
103850.089	1.046	1.090	0	0.000
103950.071	1.046	1.090	0	0.000
104050.083	1.046	1.090	0	0.000
104150.082	1.046	1.090	0	0.000
104250.044	1.046	1.090	0	0.000
104350.027	1.046	1.099	0	0.000
104450.034	1.046	1.100	0	0.000
104550.029	1.057	1.100	0	0.000
104650.049	1.057	1.107	0	0.000
104750.058	1.057	1.110	0	0.000
104850.031	1.057	1.110	0	0.000
104950.064	1.057	1.110	0	0.000
105050.088	1.057	1.110	0	0.000
105150.093	1.057	1.111	0	0.000
105250.081	1.057	1.120	0	0.000
105350.074	1.057	1.120	0	0.000
105450.086	1.057	1.120	0	0.000
105550.071	1.057	1.120	0	0.000
105650.055	1.068	1.120	0	0.000
105750.053	1.068	1.120	0	0.000
105850.033	1.068	1.120	0	0.000
105950.059	1.068	1.123	0	0.000
106050.066	1.068	1.130	0	0.000
106150.057	1.068	1.130	0	0.000
106250.045	1.068	1.130	0	0.000
106350.034	1.068	1.130	0	0.000
106450.055	1.068	1.130	0	0.000
106550.039	1.068	1.130	0	0.000
106650.018	1.068	1.140	0	0.000
106750.017	1.079	1.140	0	0.000
106850.028	1.079	1.140	0	0.000
106950.052	1.079	1.140	0	0.000
107050.068	1.079	1.140	0	0.000
107150.072	1.079	1.147	0	0.000
107250.052	1.079	1.150	0	0.000
107350.072	1.079	1.150	0	0.000
107450.103	1.079	1.150	0	0.000
107550.061	1.079	1.150	0	0.000
107650.054	1.079	1.150	0	0.000
107750.070	1.079	1.153	0	0.000
107850.086	1.090	1.160	0	0.000
107950.103	1.090	1.160	0	0.000
108050.073	1.090	1.160	0	0.000
108150.045	1.090	1.160	0	0.000
108250.041	1.090	1.160	0	0.000
108350.037	1.090	1.160	0	0.000
108450.063	1.090	1.160	0	0.000
108550.036	1.090	1.160	0	0.000
108650.030	1.090	1.164	0	0.000
108750.076	1.090	1.170	0	0.000
108850.069	1.090	1.170	0	0.000
108950.051	1.101	1.170	0	0.000
109050.060	1.101	1.170	0	0.000
109150.076	1.101	1.170	0	0.000
109250.099	1.101	1.170	0	0.000
109350.052	1.101	1.170	0	0.000
109450.015	1.101	1.170	0	0.000
109550.058	1.101	1.170	0	0.000
109650.103	1.101	1.179	0	0.000
109750.077	1.101	1.180	0	0.000
109850.039	1.101	1.180	0	0.000
109950.016	1.101	1.180	0	0.000
110050.020	1.112	1.180	0	0.000
110150.023	1.112	1.180	0	0.000
110250.032	1.112	1.180	0	0.000
110350.047	1.112	1.180	0	0.000
110450.081	1.112	1.180	0	0.000
110550.078	1.112	1.180	0	0.000
110650.030	1.112	1.181	0	0.000
110750.033	1.112	1.190	0	0.000
110850.055	1.112	1.190	0	0.000
110950.031	1.112	1.190	0	0.000
111050.044	1.112	1.190	0	0.000
111150.067	1.123	1.190	0	0.000
111250.037	1.123	1.190	0	0.000
111350.061	1.123	1.190	0	0.000
111450.091	1.123	1.190	0	0.000
111550.061	1.123	1.190	0	0.000
111650.051	1.123	1.190	0	0.000
111750.040	1.123	1.197	0	0.000
111850.050	1.123	1.200	0	0.000
111950.059	1.123	1.200	0	0.000
112050.038	1.123	1.200	0	0.000
112150.029	1.123	1.200	0	0.000
112250.056	1.134	1.200	0	0.000
112350.082	1.134	1.200	0	0.000
112450.037	1.134	1.200	0	0.000
112550.025	1.134	1.200	0	0.000
112650.060	1.134	1.200	0	0.000
112750.091	1.134	1.200	0	0.000
112850.103	1.134	1.200	0	0.000
112950.100	1.134	1.210	0	0.000
113050.083	1.134	1.210	0	0.000
113150.044	1.134	1.210	0	0.000
113250.020	1.134	1.210	0	0.000
113350.040	1.145	1.210	0	0.000
113450.063	1.145	1.210	0	0.000
113550.071	1.145	1.210	0	0.000
113650.074	1.145	1.210	0	0.000
113750.042	1.145	1.210	0	0.000
113850.050	1.145	1.215	0	0.000
113950.058	1.145	1.220	0	0.000
114050.063	1.145	1.220	0	0.000
114150.061	1.145	1.220	0	0.000
114250.044	1.145	1.220	0	0.000
114350.057	1.145	1.220	0	0.000
114450.033	1.156	1.220	0	0.000
114550.029	1.156	1.220	0	0.000
114650.041	1.156	1.220	0	0.000
114750.018	1.156	1.220	0	0.000
114850.017	1.156	1.220	0	0.000
114950.058	1.156	1.220	0	0.000
115050.076	1.156	1.226	0	0.000
115150.075	1.156	1.230	0	0.000
115250.044	1.156	1.230	0	0.000
115350.068	1.156	1.230	0	0.000
115450.106	1.156	1.230	0	0.000
115550.093	1.167	1.230	0	0.000
115650.068	1.167	1.230	0	0.000
115750.066	1.167	1.230	0	0.000
115850.062	1.167	1.239	0	0.000
115950.077	1.167	1.240	0	0.000
116050.098	1.167	1.240	0	0.000
116150.045	1.167	1.240	0	0.000
116250.042	1.167	1.240	0	0.000
116350.075	1.167	1.240	0	0.000
116450.045	1.167	1.240	0	0.000
116550.009	1.167	1.240	0	0.000
116650.033	1.178	1.240	0	0.000
116750.062	1.178	1.249	0	0.000
116850.091	1.178	1.250	0	0.000
116950.075	1.178	1.250	0	0.000
117050.022	1.178	1.250	0	0.000
117150.041	1.178	1.250	0	0.000
117250.076	1.178	1.250	0	0.000
117350.069	1.178	1.250	0	0.000
117450.049	1.178	1.250	0	0.000
117550.045	1.178	1.250	0	0.000
117650.059	1.178	1.251	0	0.000
117750.058	1.189	1.260	0	0.000
117850.053	1.189	1.260	0	0.000
117950.039	1.189	1.260	0	0.000
118050.049	1.189	1.260	0	0.000
118150.061	1.189	1.260	0	0.000
118250.024	1.189	1.260	0	0.000
118350.021	1.189	1.260	0	0.000
118450.070	1.189	1.260	0	0.000
118550.096	1.189	1.261	0	0.000
118650.061	1.189	1.270	0	0.000
118750.044	1.189	1.270	0	0.000
118850.062	1.200	1.270	0	0.000
118950.063	1.200	1.270	0	0.000
119050.048	1.200	1.270	0	0.000
119150.073	1.200	1.270	0	0.000
119250.061	1.200	1.270	0	0.000
119350.012	1.200	1.270	0	0.000
119450.052	1.200	1.270	0	0.000
119550.073	1.200	1.277	0	0.000
119650.076	1.200	1.280	0	0.000
119750.093	1.200	1.280	0	0.000
119850.074	1.200	1.280	0	0.000
119950.045	1.211	1.280	0	0.000
120050.071	1.211	1.280	0	0.000
120150.091	1.211	1.280	0	0.000
120250.051	1.211	1.280	0	0.000
120350.045	1.211	1.280	0	0.000
120450.086	1.211	1.280	0	0.000
120550.084	1.211	1.280	0	0.000
120650.075	1.211	1.280	0	0.000
120750.097	1.211	1.280	0	0.000
120850.072	1.211	1.286	0	0.000
120950.044	1.211	1.290	0	0.000
121050.065	1.222	1.290	0	0.000
121150.101	1.222	1.290	0	0.000
121250.098	1.222	1.290	0	0.000
121350.060	1.222	1.290	0	0.000
121450.042	1.222	1.290	0	0.000
121550.057	1.222	1.290	0	0.000
121650.042	1.222	1.290	0	0.000
121750.025	1.222	1.290	0	0.000
121850.055	1.222	1.290	0	0.000
121950.083	1.222	1.290	0	0.000
122050.053	1.222	1.290	0	0.000
122150.047	1.233	1.290	0	0.000
122250.045	1.233	1.298	0	0.000
122350.077	1.233	1.300	0	0.000
122450.093	1.233	1.300	0	0.000
122550.080	1.233	1.300	0	0.000
122650.068	1.233	1.300	0	0.000
122750.054	1.233	1.300	0	0.000
122850.077	1.233	1.300	0	0.000
122950.072	1.233	1.300	0	0.000
123050.073	1.233	1.300	0	0.000
123150.092	1.233	1.300	0	0.000
123250.053	1.244	1.300	0	0.000
123350.071	1.244	1.300	0	0.000
123450.097	1.244	1.300	0	0.000
123550.108	1.244	1.310	0	0.000
123650.115	1.244	1.310	0	0.000
123750.099	1.244	1.310	0	0.000
123850.080	1.244	1.310	0	0.000
123950.052	1.244	1.310	0	0.000
124050.066	1.244	1.319	0	0.000
124150.109	1.244	1.320	0	0.000
124250.071	1.244	1.327	0	0.000
124350.055	1.255	1.330	0	0.000
124450.086	1.255	1.330	0	0.000
124550.092	1.255	1.333	0	0.000
124650.107	1.255	1.340	0	0.000
124750.108	1.255	1.340	0	0.000
124850.091	1.255	1.340	0	0.000
124950.094	1.255	1.340	0	0.000
125050.068	1.255	1.340	0	0.000
125150.042	1.255	1.340	0	0.000
125250.081	1.255	1.340	0	0.000
125350.101	1.255	1.340	0	0.000
125450.065	1.266	1.340	0	0.000
125550.076	1.266	1.340	0	0.000
125650.061	1.266	1.340	0	0.000
125750.063	1.266	1.340	0	0.000
125850.084	1.266	1.340	0	0.000
125950.058	1.266	1.340	0	0.000
126050.028	1.266	1.340	0	0.000
126150.026	1.266	1.340	0	0.000
126250.021	1.266	1.340	0	0.000
126350.063	1.266	1.345	0	0.000
126450.108	1.266	1.350	0	0.000
126550.105	1.277	1.350	0	0.000
126650.110	1.277	1.350	0	0.000
126750.078	1.277	1.350	0	0.000
126850.049	1.277	1.350	0	0.000
126950.047	1.277	1.350	0	0.000
127050.080	1.277	1.350	0	0.000
127150.079	1.277	1.350	0	0.000
127250.053	1.277	1.350	0	0.000
127350.037	1.277	1.350	0	0.000
127450.075	1.277	1.350	0	0.000
127550.104	1.277	1.350	0	0.000
127650.061	1.288	1.350	0	0.000
127750.039	1.288	1.350	0	0.000
127850.068	1.288	1.350	0	0.000
127950.070	1.288	1.350	0	0.000
128050.057	1.288	1.350	0	0.000
128150.042	1.288	1.350	0	0.000
128250.028	1.288	1.357	0	0.000
128350.025	1.288	1.360	0	0.000
128450.045	1.288	1.360	0	0.000
128550.081	1.288	1.360	0	0.000
128650.089	1.288	1.360	0	0.000
128750.043	1.299	1.360	0	0.000
128850.030	1.299	1.360	0	0.000
128950.067	1.299	1.360	0	0.000
129050.089	1.299	1.360	0	0.000
129150.061	1.299	1.360	0	0.000
129250.056	1.299	1.360	0	0.000
129350.037	1.299	1.360	0	0.000
129450.002	1.299	1.360	0	0.000
129550.024	1.299	1.360	0	0.000
129650.028	1.299	1.369	0	0.000
129750.043	1.299	1.370	0	0.000
129850.078	1.310	1.370	0	0.000
129950.058	1.310	1.370	0	0.000
130050.049	1.310	1.370	0	0.000
130150.071	1.310	1.370	0	0.000
130250.042	1.310	1.370	0	0.000
130350.015	1.310	1.370	0	0.000
130450.059	1.310	1.370	0	0.000
130550.055	1.310	1.370	0	0.000
130650.049	1.310	1.370	0	0.000
130750.065	1.310	1.370	0	0.000
130850.071	1.310	1.370	0	0.000
130950.093	1.321	1.374	0	0.000
131050.070	1.321	1.383	0	0.000
131150.062	1.321	1.390	0	0.000
131250.084	1.321	1.390	0	0.000
131350.061	1.321	1.390	0	0.000
131450.069	1.321	1.390	0	0.000
131550.088	1.321	1.402	0	0.000
131650.071	1.321	1.410	0	0.000
131750.056	1.321	1.410	0	0.000
131850.051	1.321	1.410	0	0.000
131950.045	1.321	1.410	0	0.000
132050.058	1.332	1.410	0	0.000
132150.045	1.332	1.417	0	0.000
132250.055	1.332	1.420	0	0.000
132350.059	1.332	1.420	0	0.000
132450.046	1.332	1.420	0	0.000
132550.055	1.332	1.420	0	0.000
132650.052	1.332	1.420	0	0.000
132750.039	1.332	1.420	0	0.000
132850.051	1.332	1.420	0	0.000
132950.049	1.332	1.420	0	0.000
133050.061	1.332	1.420	0	0.000
133150.079	1.343	1.420	0	0.000
133250.065	1.343	1.420	0	0.000
133350.088	1.343	1.420	0	0.000
133450.054	1.343	1.420	0	0.000
133550.021	1.343	1.420	0	0.000
133650.052	1.343	1.420	0	0.000
133750.063	1.343	1.420	0	0.000
133850.039	1.343	1.425	0	0.000
133950.047	1.343	1.430	0	0.000
134050.052	1.343	1.430	0	0.000
134150.038	1.343	1.430	0	0.000
134250.071	1.354	1.430	0	0.000
134350.058	1.354	1.430	0	0.000
134450.046	1.354	1.430	0	0.000
134550.043	1.354	1.430	0	0.000
134650.044	1.354	1.436	0	0.000
134750.092	1.354	1.448	0	0.000
134850.076	1.354	1.450	0	0.000
134950.062	1.354	1.460	0	0.000
135050.093	1.354	1.470	0	0.000
135150.110	1.354	1.470	0	0.000
135250.092	1.354	1.470	0	0.000
135350.059	1.365	1.472	0	0.000
135450.063	1.365	1.480	0	0.000
135550.076	1.365	1.480	0	0.000
135650.030	1.365	1.480	0	0.000
135750.006	1.365	1.480	0	0.000
135850.008	1.365	1.480	0	0.000
135950.031	1.365	1.480	0	0.000
136050.077	1.365	1.488	0	0.000
136150.071	1.365	1.490	0	0.000
136250.058	1.365	1.483	0	0.000
136350.051	1.365	1.480	0	0.000
136450.040	1.376	1.480	0	0.000
136550.050	1.376	1.480	0	0.000
136650.072	1.376	1.480	0	0.000
136750.063	1.376	1.480	0	0.000
136850.046	1.376	1.480	0	0.000
136950.064	1.376	1.480	0	0.000
137050.053	1.376	1.487	0	0.000
137150.050	1.376	1.484	0	0.000
137250.061	1.376	1.485	0	0.000
137350.071	1.376	1.490	0	0.000
137450.059	1.376	1.490	0	0.000
137550.073	1.387	1.490	0	0.000
137650.086	1.387	1.490	0	0.000
137750.043	1.387	1.490	0	0.000
137850.061	1.387	1.490	0	0.000
137950.079	1.387	1.490	0	0.000
138050.062	1.387	1.490	0	0.000
138150.040	1.387	1.490	0	0.000
138250.061	1.387	1.490	0	0.000
138350.071	1.387	1.490	0	0.000
138450.065	1.387	1.490	0	0.000
138550.063	1.387	1.490	0	0.000
138650.067	1.398	1.490	0	0.000
138750.054	1.398	1.490	0	0.000
138850.045	1.398	1.490	0	0.000
138950.050	1.398	1.490	0	0.000
139050.032	1.398	1.490	0	0.000
139150.062	1.398	1.490	0	0.000
139250.084	1.398	1.490	0	0.000
139350.069	1.398	1.490	0	0.000
139450.025	1.398	1.497	0	0.000
139550.058	1.398	1.500	0	0.000
139650.068	1.398	1.500	0	0.000
139750.050	1.409	1.500	0	0.000
139850.061	1.409	1.500	0	0.000
139950.035	1.409	1.500	0	0.000
140050.028	1.409	1.500	0	0.000
140150.030	1.409	1.500	0	0.000
140250.047	1.409	1.500	0	0.000
140350.062	1.409	1.500	0	0.000
140450.081	1.409	1.500	0	0.000
140550.077	1.409	1.500	0	0.000
140650.055	1.409	1.500	0	0.000
140750.053	1.409	1.500	0	0.000
140850.028	1.420	1.500	0	0.000
140950.048	1.420	1.500	0	0.000
141050.070	1.420	1.500	0	0.000
141150.030	1.420	1.500	0	0.000
141250.024	1.420	1.503	0	0.000
141350.050	1.420	1.510	0	0.000
141450.077	1.420	1.510	0	0.000
141550.085	1.420	1.510	0	0.000
141650.077	1.420	1.510	0	0.000
141750.047	1.420	1.510	0	0.000
141850.051	1.420	1.510	0	0.000
141950.054	1.431	1.510	0	0.000
142050.016	1.431	1.510	0	0.000
142150.050	1.431	1.510	0	0.000
142250.057	1.431	1.510	0	0.000
142350.023	1.431	1.510	0	0.000
142450.044	1.431	1.510	0	0.000
142550.060	1.431	1.510	0	0.000
142650.055	1.431	1.510	0	0.000
142750.046	1.431	1.517	0	0.000
142850.072	1.431	1.520	0	0.000
142950.099	1.431	1.520	0	0.000
143050.068	1.442	1.520	0	0.000
143150.069	1.442	1.520	0	0.000
143250.088	1.442	1.520	0	0.000
143350.078	1.442	1.520	0	0.000
143450.056	1.442	1.520	0	0.000
143550.022	1.442	1.520	0	0.000
143650.051	1.442	1.525	0	0.000
143750.093	1.442	1.532	0	0.000
143850.074	1.442	1.540	0	0.000
143950.088	1.442	1.540	0	0.000
144050.072	1.442	1.540	0	0.000
144150.073	1.453	1.540	0	0.000
144250.075	1.453	1.540	0	0.000
144350.069	1.453	1.540	0	0.000
144450.099	1.453	1.540	0	0.000
144550.061	1.453	1.540	0	0.000
144650.054	1.453	1.540	0	0.000
144750.059	1.453	1.540	0	0.000
144850.029	1.453	1.540	0	0.000
144950.047	1.453	1.540	0	0.000
145050.038	1.453	1.540	0	0.000
145150.039	1.453	1.540	0	0.000
145250.065	1.464	1.549	0	0.000
145350.077	1.464	1.550	0	0.000
145450.093	1.464	1.550	0	0.000
145550.060	1.464	1.550	0	0.000
145650.070	1.464	1.550	0	0.000
145750.057	1.464	1.550	0	0.000
145850.026	1.464	1.550	0	0.000
145950.032	1.464	1.550	0	0.000
146050.054	1.464	1.550	0	0.000
146150.078	1.464	1.550	0	0.000
146250.086	1.464	1.550	0	0.000
146350.065	1.475	1.550	0	0.000
146450.060	1.475	1.550	0	0.000
146550.065	1.475	1.550	0	0.000
146650.072	1.475	1.560	0	0.000
146750.085	1.475	1.560	0	0.000
146850.082	1.475	1.560	0	0.000
146950.059	1.475	1.560	0	0.000
147050.065	1.475	1.560	0	0.000
147150.068	1.475	1.560	0	0.000
147250.051	1.475	1.560	0	0.000
147350.047	1.475	1.560	0	0.000
147450.048	1.486	1.560	0	0.000
147550.056	1.486	1.560	0	0.000
147650.060	1.486	1.560	0	0.000
147750.092	1.486	1.560	0	0.000
147850.079	1.486	1.560	0	0.000
147950.062	1.486	1.560	0	0.000
148050.050	1.486	1.566	0	0.000
148150.069	1.486	1.570	0	0.000
148250.087	1.486	1.570	0	0.000
148350.053	1.486	1.570	0	0.000
148450.031	1.486	1.570	0	0.000
148550.038	1.497	1.570	0	0.000
148650.047	1.497	1.570	0	0.000
148750.026	1.497	1.570	0	0.000
148850.019	1.497	1.570	0	0.000
148950.014	1.497	1.570	0	0.000
149050.018	1.497	1.570	0	0.000
149150.041	1.497	1.570	0	0.000
149250.065	1.497	1.570	0	0.000
149350.049	1.497	1.570	0	0.000
149450.022	1.497	1.575	0	0.000
149550.053	1.497	1.580	0	0.000
149650.056	1.509	1.580	0	0.000
149750.025	1.509	1.580	0	0.000
149850.031	1.509	1.580	0	0.000
149950.084	1.509	1.580	0	0.000
150050.106	1.509	1.580	0	0.000
150150.077	1.509	1.580	0	0.000
150250.077	1.509	1.580	0	0.000
150350.076	1.509	1.580	0	0.000
150450.067	1.509	1.580	0	0.000
150550.034	1.509	1.580	0	0.000
150650.057	1.509	1.590	0	0.000
150750.099	1.520	1.590	0	0.000
150850.089	1.520	1.590	0	0.000
150950.084	1.520	1.590	0	0.000
151050.071	1.520	1.590	0	0.000
151150.084	1.520	1.590	0	0.000
151250.062	1.520	1.590	0	0.000
151350.060	1.520	1.590	0	0.000
151450.063	1.520	1.590	0	0.000
151550.033	1.520	1.590	0	0.000
151650.059	1.520	1.590	0	0.000
151750.062	1.520	1.590	0	0.000
151850.057	1.531	1.590	0	0.000
151950.051	1.531	1.590	0	0.000
152050.031	1.531	1.596	0	0.000
152150.048	1.531	1.600	0	0.000
152250.070	1.531	1.600	0	0.000
152350.049	1.531	1.600	0	0.000
152450.035	1.531	1.600	0	0.000
152550.054	1.531	1.600	0	0.000
152650.063	1.531	1.600	0	0.000
152750.050	1.531	1.600	0	0.000
152850.050	1.531	1.600	0	0.000
152950.043	1.542	1.600	0	0.000
153050.029	1.542	1.600	0	0.000
153150.031	1.542	1.600	0	0.000
153250.059	1.542	1.600	0	0.000
153350.079	1.542	1.600	0	0.000
153450.070	1.542	1.600	0	0.000
153550.084	1.542	1.608	0	0.000
153650.100	1.542	1.610	0	0.000
153750.070	1.542	1.610	0	0.000
153850.024	1.542	1.610	0	0.000
153950.010	1.542	1.610	0	0.000
154050.056	1.553	1.620	0	0.000
154150.088	1.553	1.620	0	0.000
154250.049	1.553	1.620	0	0.000
154350.022	1.553	1.620	0	0.000
154450.048	1.553	1.620	0	0.000
154550.070	1.553	1.626	0	0.000
154650.084	1.553	1.630	0	0.000
154750.080	1.553	1.630	0	0.000
154850.072	1.553	1.648	0	0.000
154950.055	1.553	1.667	0	0.000
155050.022	1.553	1.678	0	0.000
155150.070	1.564	1.680	0	0.000
155250.090	1.564	1.688	0	0.000
155350.084	1.564	1.690	0	0.000
155450.105	1.564	1.690	0	0.000
155550.101	1.564	1.690	0	0.000
155650.085	1.564	1.690	0	0.000
155750.058	1.564	1.695	0	0.000
155850.076	1.564	1.700	0	0.000
155950.068	1.564	1.700	0	0.000
156050.058	1.564	1.700	0	0.000
156150.061	1.564	1.700	0	0.000
156250.023	1.575	1.700	0	0.000
156350.040	1.575	1.700	0	0.000
156450.073	1.575	1.700	0	0.000
156550.054	1.575	1.700	0	0.000
156650.047	1.575	1.700	0	0.000
156750.065	1.575	1.700	0	0.000
156850.054	1.575	1.700	0	0.000
156950.071	1.575	1.700	0	0.000
157050.080	1.575	1.701	0	0.000
157150.078	1.575	1.710	0	0.000
157250.082	1.575	1.710	0	0.000
157350.056	1.586	1.710	0	0.000
157450.042	1.586	1.710	0	0.000
157550.054	1.586	1.710	0	0.000
157650.070	1.586	1.710	0	0.000
157750.055	1.586	1.710	0	0.000
157850.037	1.586	1.711	0	0.000
157950.061	1.586	1.720	0	0.000
158050.067	1.586	1.720	0	0.000
158150.050	1.586	1.720	0	0.000
158250.060	1.586	1.720	0	0.000
158350.037	1.586	1.720	0	0.000
158450.036	1.597	1.720	0	0.000
158550.086	1.597	1.720	0	0.000
158650.057	1.597	1.723	0	0.000
158750.048	1.597	1.730	0	0.000
158850.063	1.597	1.730	0	0.000
158950.062	1.597	1.730	0	0.000
159050.088	1.597	1.730	0	0.000
159150.061	1.597	1.730	0	0.000
159250.064	1.597	1.730	0	0.000
159350.059	1.597	1.730	0	0.000
159450.028	1.597	1.730	0	0.000
159550.030	1.608	1.733	0	0.000
159650.033	1.608	1.740	0	0.000
159750.021	1.608	1.740	0	0.000
159850.017	1.608	1.740	0	0.000
159950.039	1.608	1.740	0	0.000
160050.072	1.608	1.740	0	0.000
160150.077	1.608	1.740	0	0.000
160250.058	1.608	1.740	0	0.000
160350.059	1.608	1.741	0	0.000
160450.081	1.608	1.750	0	0.000
160550.050	1.608	1.750	0	0.000
160650.024	1.619	1.753	0	0.000
160750.057	1.619	1.760	0	0.000
160850.055	1.619	1.760	0	0.000
160950.016	1.619	1.760	0	0.000
161050.015	1.619	1.760	0	0.000
161150.050	1.619	1.760	0	0.000
161250.090	1.619	1.760	0	0.000
161350.060	1.619	1.760	0	0.000
161450.065	1.619	1.760	0	0.000
161550.081	1.619	1.760	0	0.000
161650.075	1.619	1.760	0	0.000
161750.048	1.630	1.760	0	0.000
161850.053	1.630	1.760	0	0.000
161950.043	1.630	1.767	0	0.000
162050.036	1.630	1.770	0	0.000
162150.082	1.630	1.770	0	0.000
162250.077	1.630	1.770	0	0.000
162350.037	1.630	1.770	0	0.000
162450.065	1.630	1.770	0	0.000
162550.051	1.630	1.770	0	0.000
162650.023	1.630	1.770	0	0.000
162750.073	1.630	1.777	0	0.000
162850.080	1.641	1.780	0	0.000
162950.054	1.641	1.780	0	0.000
163050.062	1.641	1.780	0	0.000
163150.089	1.641	1.780	0	0.000
163250.095	1.641	1.780	0	0.000
163350.056	1.641	1.780	0	0.000
163450.040	1.641	1.780	0	0.000
163550.070	1.641	1.780	0	0.000
163650.063	1.641	1.780	0	0.000
163750.025	1.641	1.780	0	0.000
163850.059	1.641	1.780	0	0.000
163950.106	1.652	1.780	0	0.000
164050.073	1.652	1.780	0	0.000
164150.048	1.652	1.780	0	0.000
164250.050	1.652	1.780	0	0.000
164350.025	1.652	1.780	0	0.000
164450.052	1.652	1.788	0	0.000
164550.079	1.652	1.790	0	0.000
164650.083	1.652	1.790	0	0.000
164750.097	1.652	1.790	0	0.000
164850.048	1.652	1.790	0	0.000
164950.024	1.652	1.790	0	0.000
165050.033	1.663	1.790	0	0.000
165150.033	1.663	1.790	0	0.000
165250.066	1.663	1.790	0	0.000
165350.081	1.663	1.790	0	0.000
165450.066	1.663	1.790	0	0.000
165550.088	1.663	1.790	0	0.000
165650.084	1.663	1.790	0	0.000
165750.063	1.663	1.790	0	0.000
165850.083	1.663	1.790	0	0.000
165950.069	1.663	1.790	0	0.000
166050.055	1.663	1.796	0	0.000
166150.091	1.674	1.800	0	0.000
166250.079	1.674	1.800	0	0.000
166350.029	1.674	1.800	0	0.000
166450.011	1.674	1.790	0	0.000
166550.010	1.674	1.790	0	0.000
166650.046	1.674	1.790	0	0.000
166750.067	1.674	1.790	0	0.000
166850.045	1.674	1.790	0	0.000
166950.060	1.674	1.798	0	0.000
167050.067	1.674	1.800	0	0.000
167150.068	1.674	1.800	0	0.000
167250.051	1.685	1.800	0	0.000
167350.052	1.685	1.800	0	0.000
167450.070	1.685	1.800	0	0.000
167550.047	1.685	1.800	0	0.000
167650.049	1.685	1.800	0	0.000
167750.074	1.685	1.800	0	0.000
167850.073	1.685	1.800	0	0.000
167950.065	1.685	1.800	0	0.000
168050.062	1.685	1.800	0	0.000
168150.077	1.685	1.800	0	0.000
168250.082	1.685	1.809	0	0.000
168350.073	1.696	1.810	0	0.000
168450.076	1.696	1.810	0	0.000
168550.040	1.696	1.810	0	0.000
168650.028	1.696	1.810	0	0.000
168750.077	1.696	1.810	0	0.000
168850.077	1.696	1.810	0	0.000
168950.044	1.696	1.810	0	0.000
169050.029	1.696	1.810	0	0.000
169150.038	1.696	1.810	0	0.000
169250.055	1.696	1.810	0	0.000
169350.078	1.696	1.810	0	0.000
169450.067	1.707	1.810	0	0.000
169550.031	1.707	1.810	0	0.000
169650.021	1.707	1.810	0	0.000
169750.011	1.707	1.810	0	0.000
169850.026	1.707	1.810	0	0.000
169950.032	1.707	1.810	0	0.000
170050.026	1.707	1.812	0	0.000
170150.076	1.707	1.820	0	0.000
170250.071	1.707	1.820	0	0.000
170350.023	1.707	1.820	0	0.000
170450.046	1.707	1.820	0	0.000
170550.077	1.718	1.820	0	0.000
170650.062	1.718	1.820	0	0.000
170750.046	1.718	1.820	0	0.000
170850.048	1.718	1.820	0	0.000
170950.049	1.718	1.820	0	0.000
171050.043	1.718	1.820	0	0.000
171150.069	1.718	1.820	0	0.000
171250.059	1.718	1.826	0	0.000
171350.064	1.718	1.830	0	0.000
171450.106	1.718	1.830	0	0.000
171550.075	1.718	1.830	0	0.000
171650.047	1.729	1.830	0	0.000
171750.049	1.729	1.830	0	0.000
171850.049	1.729	1.835	0	0.000
171950.062	1.729	1.840	0	0.000
172050.067	1.729	1.840	0	0.000
172150.043	1.729	1.840	0	0.000
172250.037	1.729	1.840	0	0.000
172350.039	1.729	1.840	0	0.000
172450.060	1.729	1.840	0	0.000
172550.050	1.729	1.840	0	0.000
172650.048	1.729	1.840	0	0.000
172750.059	1.740	1.840	0	0.000
172850.043	1.740	1.840	0	0.000
172950.026	1.740	1.840	0	0.000
173050.047	1.740	1.840	0	0.000
173150.073	1.740	1.840	0	0.000
173250.066	1.740	1.840	0	0.000
173350.031	1.740	1.840	0	0.000
173450.038	1.740	1.840	0	0.000
173550.073	1.740	1.840	0	0.000
173650.068	1.740	1.840	0	0.000
173750.048	1.740	1.840	0	0.000
173850.075	1.751	1.840	0	0.000
173950.072	1.751	1.840	0	0.000
174050.042	1.751	1.849	0	0.000
174150.074	1.751	1.850	0	0.000
174250.079	1.751	1.850	0	0.000
174350.067	1.751	1.850	0	0.000
174450.071	1.751	1.850	0	0.000
174550.065	1.751	1.850	0	0.000
174650.047	1.751	1.850	0	0.000
174750.054	1.751	1.850	0	0.000
174850.094	1.751	1.850	0	0.000
174950.074	1.762	1.850	0	0.000
175050.080	1.762	1.850	0	0.000
175150.072	1.762	1.850	0	0.000
175250.043	1.762	1.850	0	0.000
175350.026	1.762	1.850	0	0.000
175450.044	1.762	1.850	0	0.000
175550.062	1.762	1.850	0	0.000
175650.055	1.762	1.850	0	0.000
175750.045	1.762	1.854	0	0.000
175850.077	1.762	1.864	0	0.000
175950.093	1.762	1.871	0	0.000
176050.079	1.773	1.880	0	0.000
176150.073	1.773	1.880	0	0.000
176250.040	1.773	1.880	0	0.000
176350.020	1.773	1.880	0	0.000
176450.082	1.773	1.880	0	0.000
176550.052	1.773	1.880	0	0.000
176650.034	1.773	1.880	0	0.000
176750.047	1.773	1.880	0	0.000
176850.038	1.773	1.880	0	0.000
176950.044	1.773	1.880	0	0.000
177050.073	1.773	1.887	0	0.000
177150.089	1.784	1.890	0	0.000
177250.049	1.784	1.890	0	0.000
177350.077	1.784	1.890	0	0.000
177450.060	1.784	1.890	0	0.000
177550.038	1.784	1.890	0	0.000
177650.078	1.784	1.890	0	0.000
177750.074	1.784	1.890	0	0.000
177850.072	1.784	1.890	0	0.000
177950.065	1.784	1.890	0	0.000
178050.041	1.784	1.890	0	0.000
178150.070	1.784	1.890	0	0.000
178250.080	1.795	1.890	0	0.000
178350.038	1.795	1.897	0	0.000
178450.049	1.795	1.900	0	0.000
178550.047	1.795	1.900	0	0.000
178650.061	1.795	1.900	0	0.000
178750.097	1.795	1.900	0	0.000
178850.060	1.795	1.900	0	0.000
178950.042	1.795	1.900	0	0.000
179050.035	1.795	1.900	0	0.000
179150.055	1.795	1.900	0	0.000
179250.051	1.795	1.900	0	0.000
179350.055	1.806	1.900	0	0.000
179450.063	1.806	1.900	0	0.000
179550.024	1.806	1.900	0	0.000
179650.028	1.806	1.900	0	0.000
179750.036	1.806	1.900	0	0.000
179850.048	1.806	1.900	0	0.000
179950.049	1.806	1.900	0	0.000
180050.025	1.806	1.906	0	0.000
180150.055	1.806	1.910	0	0.000
180250.079	1.806	1.910	0	0.000
180350.063	1.806	1.910	0	0.000
180450.049	1.817	1.910	0	0.000
180550.068	1.817	1.910	0	0.000
180650.105	1.817	1.910	0	0.000
180750.061	1.817	1.910	0	0.000
180850.069	1.817	1.910	0	0.000
180950.061	1.817	1.910	0	0.000
181050.062	1.817	1.910	0	0.000
181150.074	1.817	1.910	0	0.000
181250.074	1.817	1.910	0	0.000
181350.072	1.817	1.910	0	0.000
181450.028	1.817	1.910	0	0.000
181550.033	1.828	1.912	0	0.000
181650.062	1.828	1.920	0	0.000
181750.051	1.828	1.920	0	0.000
181850.030	1.828	1.920	0	0.000
181950.065	1.828	1.920	0	0.000
182050.043	1.828	1.920	0	0.000
182150.033	1.828	1.920	0	0.000
182250.039	1.828	1.920	0	0.000
182350.028	1.828	1.920	0	0.000
182450.031	1.828	1.920	0	0.000
182550.029	1.828	1.920	0	0.000
182650.055	1.839	1.920	0	0.000
182750.084	1.839	1.920	0	0.000
182850.063	1.839	1.920	0	0.000
182950.070	1.839	1.920	0	0.000
183050.101	1.839	1.920	0	0.000
183150.099	1.839	1.924	0	0.000
183250.106	1.839	1.930	0	0.000
183350.079	1.839	1.930	0	0.000
183450.029	1.839	1.930	0	0.000
183550.012	1.839	1.930	0	0.000
183650.036	1.839	1.930	0	0.000
183750.028	1.850	1.930	0	0.000
183850.050	1.850	1.930	0	0.000
183950.080	1.850	1.930	0	0.000
184050.096	1.850	1.930	0	0.000
184150.104	1.850	1.931	0	0.000
184250.072	1.850	1.940	0	0.000
184350.041	1.850	1.940	0	0.000
184450.027	1.850	1.940	0	0.000
184550.036	1.850	1.940	0	0.000
184650.031	1.850	1.940	0	0.000
184750.043	1.850	1.940	0	0.000
184850.074	1.861	1.940	0	0.000
184950.053	1.861	1.940	0	0.000
185050.054	1.861	1.946	0	0.000
185150.069	1.861	1.950	0	0.000
185250.076	1.861	1.950	0	0.000
185350.088	1.861	1.950	0	0.000
185450.064	1.861	1.950	0	0.000
185550.027	1.861	1.950	0	0.000
185650.035	1.861	1.950	0	0.000
185750.073	1.861	1.950	0	0.000
185850.078	1.861	1.950	0	0.000
185950.039	1.872	1.950	0	0.000
186050.012	1.872	1.953	0	0.000
186150.073	1.872	1.960	0	0.000
186250.075	1.872	1.960	0	0.000
186350.038	1.872	1.960	0	0.000
186450.052	1.872	1.960	0	0.000
186550.070	1.872	1.960	0	0.000
186650.051	1.872	1.960	0	0.000
186750.022	1.872	1.960	0	0.000
186850.039	1.872	1.960	0	0.000
186950.042	1.872	1.969	0	0.000
187050.044	1.883	1.970	0	0.000
187150.044	1.883	1.964	0	0.000
187250.026	1.883	1.960	0	0.000
187350.058	1.883	1.960	0	0.000
187450.083	1.883	1.960	0	0.000
187550.044	1.883	1.960	0	0.000
187650.028	1.883	1.963	0	0.000
187750.069	1.883	1.970	0	0.000
187850.095	1.883	1.970	0	0.000
187950.074	1.883	1.970	0	0.000
188050.054	1.883	1.970	0	0.000
188150.062	1.894	1.985	0	0.000
188250.096	1.894	2.006	0	0.000
188350.095	1.894	2.026	0	0.000
188450.093	1.894	2.041	0	0.000
188550.098	1.894	2.050	0	0.000
188650.105	1.894	2.055	0	0.000
188750.068	1.894	2.060	0	0.000
188850.062	1.894	2.060	0	0.000
188950.043	1.894	2.060	0	0.000
189050.050	1.894	2.060	0	0.000
189150.091	1.894	2.060	0	0.000
189250.075	1.905	2.060	0	0.000
189350.084	1.905	2.060	0	0.000
189450.063	1.905	2.060	0	0.000
189550.053	1.905	2.060	0	0.000
189650.089	1.905	2.060	0	0.000
189750.092	1.905	2.060	0	0.000
189850.081	1.905	2.060	0	0.000
189950.037	1.905	2.060	0	0.000
190050.059	1.905	2.060	0	0.000
190150.083	1.905	2.060	0	0.000
190250.038	1.905	2.060	0	0.000
190350.060	1.916	2.060	0	0.000
190450.096	1.916	2.060	0	0.000
190550.050	1.916	2.060	0	0.000
190650.020	1.916	2.060	0	0.000
190750.021	1.916	2.060	0	0.000
190850.026	1.916	2.060	0	0.000
190950.074	1.916	2.060	0	0.000
191050.073	1.916	2.060	0	0.000
191150.056	1.916	2.061	0	0.000
191250.090	1.916	2.070	0	0.000
191350.087	1.916	2.070	0	0.000
191450.055	1.927	2.070	0	0.000
191550.075	1.927	2.070	0	0.000
191650.085	1.927	2.070	0	0.000
191750.062	1.927	2.070	0	0.000
191850.054	1.927	2.070	0	0.000
191950.049	1.927	2.070	0	0.000
192050.076	1.927	2.071	0	0.000
192150.089	1.927	2.080	0	0.000
192250.058	1.927	2.080	0	0.000
192350.028	1.927	2.080	0	0.000
192450.054	1.927	2.080	0	0.000
192550.057	1.938	2.080	0	0.000
192650.050	1.938	2.080	0	0.000
192750.051	1.938	2.080	0	0.000
192850.057	1.938	2.080	0	0.000
192950.082	1.938	2.080	0	0.000
193050.081	1.938	2.080	0	0.000
193150.070	1.938	2.080	0	0.000
193250.062	1.938	2.080	0	0.000
193350.049	1.938	2.080	0	0.000
193450.053	1.938	2.080	0	0.000
193550.046	1.938	2.080	0	0.000
193650.059	1.949	2.080	0	0.000
193750.049	1.949	2.080	0	0.000
193850.047	1.949	2.080	0	0.000
193950.061	1.949	2.080	0	0.000
194050.061	1.949	2.080	0	0.000
194150.069	1.949	2.080	0	0.000
194250.050	1.949	2.080	0	0.000
194350.054	1.949	2.080	0	0.000
194450.084	1.949	2.080	0	0.000
194550.053	1.949	2.080	0	0.000
194650.058	1.949	2.080	0	0.000
194750.084	1.960	2.080	0	0.000
194850.039	1.960	2.080	0	0.000
194950.058	1.960	2.080	0	0.000
195050.058	1.960	2.080	0	0.000
195150.025	1.960	2.080	0	0.000
195250.041	1.960	2.080	0	0.000
195350.044	1.960	2.090	0	0.000
195450.059	1.960	2.090	0	0.000
195550.076	1.960	2.090	0	0.000
195650.050	1.960	2.090	0	0.000
195750.035	1.960	2.090	0	0.000
195850.047	1.971	2.090	0	0.000
195950.069	1.971	2.090	0	0.000
196050.054	1.971	2.090	0	0.000
196150.065	1.971	2.090	0	0.000
196250.043	1.971	2.090	0	0.000
196350.023	1.971	2.090	0	0.000
196450.025	1.971	2.090	0	0.000
196550.031	1.971	2.090	0	0.000
196650.071	1.971	2.090	0	0.000
196750.061	1.971	2.090	0	0.000
196850.042	1.971	2.090	0	0.000
196950.033	1.982	2.090	0	0.000
197050.042	1.982	2.090	0	0.000
197150.025	1.982	2.090	0	0.000
197250.005	1.982	2.090	0	0.000
197350.009	1.982	2.090	0	0.000
197450.017	1.982	2.090	0	0.000
197550.063	1.982	2.090	0	0.000
197650.082	1.982	2.090	0	0.000
197750.073	1.982	2.090	0	0.000
197850.073	1.982	2.090	0	0.000
197950.030	1.982	2.095	0	0.000
198050.024	1.993	2.100	0	0.000
198150.070	1.993	2.100	0	0.000
198250.094	1.993	2.100	0	0.000
198350.070	1.993	2.100	0	0.000
198450.056	1.993	2.100	0	0.000
198550.039	1.993	2.100	0	0.000
198650.062	1.993	2.100	0	0.000
198750.074	1.993	2.100	0	0.000
198850.028	1.993	2.100	0	0.000
198950.020	1.993	2.100	0	0.000
199050.027	1.993	2.100	0	0.000
199150.021	2.004	2.101	0	0.000
199250.065	2.004	2.110	0	0.000
199350.075	2.004	2.110	0	0.000
199450.038	2.004	2.110	0	0.000
199550.038	2.004	2.110	0	0.000
199650.036	2.004	2.110	0	0.000
199750.048	2.004	2.110	0	0.000
199850.075	2.004	2.110	0	0.000
199950.074	2.004	2.110	0	0.000
200050.033	2.004	2.110	0	0.000
200150.037	2.004	2.110	0	0.000
200250.083	2.015	2.110	0	0.000
200350.082	2.015	2.110	0	0.000
200450.020	2.015	2.110	0	0.000
200550.028	2.015	2.110	0	0.000
200650.082	2.015	2.110	0	0.000
200750.085	2.015	2.110	0	0.000
200850.047	2.015	2.110	0	0.000
200950.028	2.015	2.110	0	0.000
201050.061	2.015	2.110	0	0.000
201150.077	2.015	2.110	0	0.000
201250.072	2.015	2.110	0	0.000
201350.086	2.026	2.116	0	0.000
201450.089	2.026	2.120	0	0.000
201550.072	2.026	2.120	0	0.000
201650.050	2.026	2.120	0	0.000
201750.073	2.026	2.120	0	0.000
201850.051	2.026	2.120	0	0.000
201950.044	2.026	2.120	0	0.000
202050.059	2.026	2.120	0	0.000
202150.030	2.026	2.120	0	0.000
202250.037	2.026	2.130	0	0.000
202350.062	2.026	2.130	0	0.000
202450.087	2.037	2.130	0	0.000
202550.067	2.037	2.137	0	0.000
202650.073	2.037	2.134	0	0.000
202750.085	2.037	2.130	0	0.000
202850.070	2.037	2.130	0	0.000
202950.041	2.037	2.131	0	0.000
203050.057	2.037	2.140	0	0.000
203150.067	2.037	2.140	0	0.000
203250.049	2.037	2.140	0	0.000
203350.050	2.037	2.140	0	0.000
203450.009	2.037	2.140	0	0.000
203550.024	2.048	2.140	0	0.000
203650.066	2.048	2.147	0	0.000
203750.082	2.048	2.150	0	0.000
203850.057	2.048	2.150	0	0.000
203950.060	2.048	2.150	0	0.000
204050.064	2.048	2.150	0	0.000
204150.057	2.048	2.150	0	0.000
204250.049	2.048	2.150	0	0.000
204350.032	2.048	2.157	0	0.000
204450.055	2.048	2.160	0	0.000
204550.040	2.048	2.160	0	0.000
204650.047	2.059	2.160	0	0.000
204750.060	2.059	2.160	0	0.000
204850.034	2.059	2.160	0	0.000
204950.071	2.059	2.160	0	0.000
205050.075	2.059	2.160	0	0.000
205150.075	2.059	2.160	0	0.000
205250.080	2.059	2.160	0	0.000
205350.045	2.059	2.160	0	0.000
205450.062	2.059	2.160	0	0.000
205550.087	2.059	2.160	0	0.000
205650.050	2.059	2.162	0	0.000
205750.056	2.070	2.170	0	0.000
205850.096	2.070	2.170	0	0.000
205950.095	2.070	2.170	0	0.000
206050.072	2.070	2.170	0	0.000
206150.085	2.070	2.174	0	0.000
206250.102	2.070	2.180	0	0.000
206350.107	2.070	2.180	0	0.000
206450.055	2.070	2.180	0	0.000
206550.053	2.070	2.180	0	0.000
206650.099	2.070	2.180	0	0.000
206750.053	2.070	2.180	0	0.000
206850.010	2.081	2.180	0	0.000
206950.028	2.081	2.180	0	0.000
207050.044	2.081	2.180	0	0.000
207150.030	2.081	2.180	0	0.000
207250.032	2.081	2.180	0	0.000
207350.032	2.081	2.180	0	0.000
207450.068	2.081	2.180	0	0.000
207550.073	2.081	2.180	0	0.000
207650.045	2.081	2.180	0	0.000
207750.063	2.081	2.180	0	0.000
207850.047	2.081	2.180	0	0.000
207950.043	2.092	2.180	0	0.000
208050.092	2.092	2.180	0	0.000
208150.106	2.092	2.190	0	0.000
208250.104	2.092	2.190	0	0.000
208350.065	2.092	2.190	0	0.000
208450.053	2.092	2.190	0	0.000
208550.072	2.092	2.190	0	0.000
208650.060	2.092	2.200	0	0.000
208750.085	2.092	2.200	0	0.000
208850.076	2.092	2.206	0	0.000
208950.061	2.092	2.211	0	0.000
209050.061	2.103	2.220	0	0.000
209150.060	2.103	2.221	0	0.000
209250.048	2.103	2.230	0	0.000
209350.047	2.103	2.230	0	0.000
209450.048	2.103	2.234	0	0.000
209550.080	2.103	2.243	0	0.000
209650.096	2.103	2.250	0	0.000
209750.085	2.103	2.253	0	0.000
209850.068	2.103	2.260	0	0.000
209950.059	2.103	2.260	0	0.000
210050.064	2.103	2.260	0	0.000
210150.079	2.114	2.260	0	0.000
210250.060	2.114	2.260	0	0.000
210350.084	2.114	2.260	0	0.000
210450.084	2.114	2.260	0	0.000
210550.077	2.114	2.260	0	0.000
210650.061	2.114	2.265	0	0.000
210750.062	2.114	2.270	0	0.000
210850.087	2.114	2.270	0	0.000
210950.074	2.114	2.270	0	0.000
211050.038	2.114	2.270	0	0.000
211150.031	2.114	2.270	0	0.000
211250.064	2.125	2.270	0	0.000
211350.097	2.125	2.270	0	0.000
211450.059	2.125	2.270	0	0.000
211550.011	2.125	2.270	0	0.000
211650.015	2.125	2.272	0	0.000
211750.076	2.125	2.280	0	0.000
211850.074	2.125	2.273	0	0.000
211950.013	2.125	2.270	0	0.000
212050.041	2.125	2.270	0	0.000
212150.046	2.125	2.275	0	0.000
212250.033	2.125	2.280	0	0.000
212350.067	2.136	2.280	0	0.000
212450.055	2.136	2.280	0	0.000
212550.048	2.136	2.280	0	0.000
212650.061	2.136	2.280	0	0.000
212750.041	2.136	2.280	0	0.000
212850.039	2.136	2.280	0	0.000
212950.036	2.136	2.280	0	0.000
213050.033	2.136	2.280	0	0.000
213150.067	2.136	2.280	0	0.000
213250.076	2.136	2.280	0	0.000
213350.034	2.136	2.280	0	0.000
213450.058	2.147	2.280	0	0.000
213550.091	2.147	2.280	0	0.000
213650.086	2.147	2.280	0	0.000
213750.057	2.147	2.280	0	0.000
213850.066	2.147	2.280	0	0.000
213950.055	2.147	2.284	0	0.000
214050.055	2.147	2.284	0	0.000
214150.054	2.147	2.280	0	0.000
214250.063	2.147	2.281	0	0.000
214350.078	2.147	2.290	0	0.000
214450.062	2.147	2.290	0	0.000
214550.033	2.158	2.290	0	0.000
214650.042	2.158	2.290	0	0.000
214750.039	2.158	2.290	0	0.000
214850.052	2.158	2.290	0	0.000
214950.051	2.158	2.290	0	0.000
215050.024	2.158	2.290	0	0.000
215150.022	2.158	2.290	0	0.000
215250.042	2.158	2.290	0	0.000
215350.044	2.158	2.290	0	0.000
215450.051	2.158	2.290	0	0.000
215550.079	2.158	2.290	0	0.000
215650.086	2.169	2.290	0	0.000
215750.087	2.169	2.290	0	0.000
215850.091	2.169	2.290	0	0.000
215950.091	2.169	2.290	0	0.000
216050.094	2.169	2.294	0	0.000
216150.085	2.169	2.300	0	0.000
216250.075	2.169	2.300	0	0.000
216350.064	2.169	2.300	0	0.000
216450.050	2.169	2.300	0	0.000
216550.067	2.169	2.300	0	0.000
216650.038	2.169	2.300	0	0.000
216750.047	2.180	2.300	0	0.000
216850.049	2.180	2.310	0	0.000
216950.053	2.180	2.310	0	0.000
217050.033	2.180	2.310	0	0.000
217150.062	2.180	2.310	0	0.000
217250.078	2.180	2.310	0	0.000
217350.040	2.180	2.310	0	0.000
217450.081	2.180	2.310	0	0.000
217550.066	2.180	2.310	0	0.000
217650.061	2.180	2.310	0	0.000
217750.085	2.180	2.310	0	0.000
217850.042	2.191	2.310	0	0.000
217950.050	2.191	2.310	0	0.000
218050.068	2.191	2.310	0	0.000
218150.046	2.191	2.310	0	0.000
218250.060	2.191	2.310	0	0.000
218350.063	2.191	2.313	0	0.000
218450.049	2.191	2.318	0	0.000
218550.031	2.191	2.310	0	0.000
218650.021	2.191	2.310	0	0.000
218750.033	2.191	2.310	0	0.000
218850.057	2.191	2.310	0	0.000
218950.052	2.202	2.310	0	0.000
219050.058	2.202	2.310	0	0.000
219150.062	2.202	2.310	0	0.000
219250.033	2.202	2.311	0	0.000
219350.023	2.202	2.320	0	0.000
219450.072	2.202	2.320	0	0.000
219550.054	2.202	2.320	0	0.000
219650.056	2.202	2.320	0	0.000
219750.097	2.202	2.320	0	0.000
219850.082	2.202	2.320	0	0.000
219950.068	2.202	2.320	0	0.000
220050.034	2.213	2.320	0	0.000
220150.005	2.213	2.320	0	0.000
220250.054	2.213	2.320	0	0.000
220350.091	2.213	2.320	0	0.000
220450.057	2.213	2.324	0	0.000
220550.034	2.213	2.330	0	0.000
220650.041	2.213	2.330	0	0.000
220750.066	2.213	2.330	0	0.000
220850.099	2.213	2.330	0	0.000
220950.090	2.213	2.330	0	0.000
221050.061	2.213	2.330	0	0.000
221150.057	2.224	2.330	0	0.000
221250.061	2.224	2.330	0	0.000
221350.040	2.224	2.330	0	0.000
221450.073	2.224	2.330	0	0.000
221550.103	2.224	2.330	0	0.000
221650.076	2.224	2.330	0	0.000
221750.076	2.224	2.330	0	0.000
221850.061	2.224	2.330	0	0.000
221950.039	2.224	2.330	0	0.000
222050.069	2.224	2.337	0	0.000
222150.099	2.224	2.340	0	0.000
222250.092	2.235	2.340	0	0.000
222350.039	2.235	2.340	0	0.000
222450.072	2.235	2.340	0	0.000
222550.075	2.235	2.340	0	0.000
222650.081	2.235	2.340	0	0.000
222750.053	2.235	2.340	0	0.000
222850.013	2.235	2.340	0	0.000
222950.037	2.235	2.340	0	0.000
223050.071	2.235	2.340	0	0.000
223150.077	2.235	2.340	0	0.000
223250.045	2.235	2.340	0	0.000
223350.059	2.246	2.340	0	0.000
223450.089	2.246	2.340	0	0.000
223550.099	2.246	2.340	0	0.000
223650.074	2.246	2.340	0	0.000
223750.030	2.246	2.347	0	0.000
223850.067	2.246	2.350	0	0.000
223950.098	2.246	2.350	0	0.000
224050.096	2.246	2.350	0	0.000
224150.084	2.246	2.350	0	0.000
224250.054	2.246	2.350	0	0.000
224350.059	2.246	2.350	0	0.000
224450.042	2.257	2.350	0	0.000
224550.032	2.257	2.350	0	0.000
224650.036	2.257	2.350	0	0.000
224750.034	2.257	2.350	0	0.000
224850.053	2.257	2.350	0	0.000
224950.058	2.257	2.358	0	0.000
225050.075	2.257	2.360	0	0.000
225150.067	2.257	2.360	0	0.000
225250.019	2.257	2.360	0	0.000
225350.020	2.257	2.360	0	0.000
225450.038	2.257	2.360	0	0.000
225550.067	2.268	2.360	0	0.000
225650.078	2.268	2.360	0	0.000
225750.089	2.268	2.360	0	0.000
225850.067	2.268	2.360	0	0.000
225950.043	2.268	2.363	0	0.000
226050.045	2.268	2.370	0	0.000
226150.044	2.268	2.370	0	0.000
226250.055	2.268	2.370	0	0.000
226350.070	2.268	2.370	0	0.000
226450.099	2.268	2.370	0	0.000
226550.056	2.268	2.370	0	0.000
226650.036	2.279	2.370	0	0.000
226750.040	2.279	2.370	0	0.000
226850.034	2.279	2.370	0	0.000
226950.024	2.279	2.373	0	0.000
227050.049	2.279	2.380	0	0.000
227150.095	2.279	2.380	0	0.000
227250.066	2.279	2.380	0	0.000
227350.033	2.279	2.380	0	0.000
227450.063	2.279	2.376	0	0.000
227550.098	2.279	2.370	0	0.000
227650.075	2.279	2.370	0	0.000
227750.065	2.290	2.370	0	0.000
227850.056	2.290	2.370	0	0.000
227950.017	2.290	2.370	0	0.000
228050.036	2.290	2.374	0	0.000
228150.047	2.290	2.380	0	0.000
228250.046	2.290	2.380	0	0.000
228350.087	2.290	2.380	0	0.000
228450.058	2.290	2.380	0	0.000
228550.007	2.290	2.380	0	0.000
228650.046	2.290	2.380	0	0.000
228750.047	2.290	2.380	0	0.000
228850.017	2.301	2.380	0	0.000
228950.056	2.301	2.380	0	0.000
229050.055	2.301	2.380	0	0.000
229150.034	2.301	2.380	0	0.000
229250.044	2.301	2.380	0	0.000
229350.075	2.301	2.389	0	0.000
229450.091	2.301	2.390	0	0.000
229550.089	2.301	2.390	0	0.000
229650.058	2.301	2.390	0	0.000
229750.047	2.301	2.390	0	0.000
229850.092	2.301	2.390	0	0.000
229950.059	2.312	2.395	0	0.000
230050.035	2.312	2.400	0	0.000
230150.064	2.312	2.400	0	0.000
230250.068	2.312	2.400	0	0.000
230350.035	2.312	2.400	0	0.000
230450.060	2.312	2.400	0	0.000
230550.066	2.312	2.400	0	0.000
230650.035	2.312	2.400	0	0.000
230750.045	2.312	2.400	0	0.000
230850.059	2.312	2.400	0	0.000
230950.081	2.312	2.400	0	0.000
231050.068	2.323	2.400	0	0.000
231150.056	2.323	2.400	0	0.000
231250.038	2.323	2.400	0	0.000
231350.013	2.323	2.400	0	0.000
231450.050	2.323	2.400	0	0.000
231550.072	2.323	2.400	0	0.000
231650.029	2.323	2.400	0	0.000
231750.003	2.323	2.408	0	0.000
231850.069	2.323	2.410	0	0.000
231950.067	2.323	2.410	0	0.000
232050.045	2.323	2.410	0	0.000
232150.063	2.334	2.410	0	0.000
232250.084	2.334	2.410	0	0.000
232350.039	2.334	2.410	0	0.000
232450.055	2.334	2.410	0	0.000
232550.053	2.334	2.410	0	0.000
232650.043	2.334	2.410	0	0.000
232750.054	2.334	2.410	0	0.000
232850.054	2.334	2.410	0	0.000
232950.055	2.334	2.417	0	0.000
233050.061	2.334	2.420	0	0.000
233150.063	2.334	2.420	0	0.000
233250.054	2.345	2.420	0	0.000
233350.057	2.345	2.420	0	0.000
233450.045	2.345	2.420	0	0.000
233550.036	2.345	2.420	0	0.000
233650.070	2.345	2.420	0	0.000
233750.085	2.345	2.420	0	0.000
233850.051	2.345	2.420	0	0.000
233950.023	2.345	2.420	0	0.000
234050.050	2.345	2.420	0	0.000
234150.081	2.345	2.425	0	0.000
234250.090	2.345	2.430	0	0.000
234350.076	2.356	2.430	0	0.000
234450.078	2.356	2.427	0	0.000
234550.047	2.356	2.422	0	0.000
234650.043	2.356	2.430	0	0.000
234750.053	2.356	2.430	0	0.000
234850.078	2.356	2.430	0	0.000
234950.069	2.356	2.430	0	0.000
235050.051	2.356	2.430	0	0.000
235150.029	2.356	2.430	0	0.000
235250.041	2.356	2.430	0	0.000
235350.347	2.356	2.430	0	0.000
235450.325	2.367	2.430	0	0.000
235550.081	2.367	2.430	0	0.000
235650.088	2.367	2.430	0	0.000
235750.065	2.367	2.439	0	0.000
235850.092	2.367	2.440	0	0.000
235950.086	2.367	2.440	0	0.000
236050.040	2.367	2.440	0	0.000
236150.055	2.367	2.440	0	0.000
236250.075	2.367	2.440	0	0.000
236350.069	2.367	2.440	0	0.000
236450.063	2.367	2.440	0	0.000
236550.050	2.378	2.440	0	0.000
236650.070	2.378	2.444	0	0.000
236750.107	2.378	2.450	0	0.000
236850.080	2.378	2.450	0	0.000
236950.031	2.378	2.450	0	0.000
237050.017	2.378	2.450	0	0.000
237150.063	2.378	2.450	0	0.000
237250.058	2.378	2.450	0	0.000
237350.051	2.378	2.450	0	0.000
237450.090	2.378	2.450	0	0.000
237550.082	2.378	2.450	0	0.000
237650.083	2.389	2.450	0	0.000
237750.097	2.389	2.450	0	0.000
237850.033	2.389	2.450	0	0.000
237950.006	2.389	2.455	0	0.000
238050.039	2.389	2.460	0	0.000
238150.042	2.389	2.460	0	0.000
238250.039	2.389	2.460	0	0.000
238350.066	2.389	2.460	0	0.000
238450.077	2.389	2.460	0	0.000
238550.065	2.389	2.460	0	0.000
238650.038	2.389	2.460	0	0.000
238750.015	2.400	2.460	0	0.000
238850.016	2.400	2.460	0	0.000
238950.029	2.400	2.460	0	0.000
239050.078	2.400	2.460	0	0.000
239150.069	2.400	2.460	0	0.000
239250.056	2.400	2.460	0	0.000
239350.070	2.400	2.460	0	0.000
239450.034	2.400	2.460	0	0.000
239550.008	2.400	2.460	0	0.000
239650.039	2.400	2.460	0	0.000
239750.076	2.400	2.460	0	0.000
239850.061	2.411	2.461	0	0.000
239950.062	2.411	2.470	0	0.000
240050.050	2.411	2.470	0	0.000
240150.058	2.411	2.470	0	0.000
240250.075	2.411	2.470	0	0.000
240350.036	2.411	2.470	0	0.000
240450.016	2.411	2.470	0	0.000
240550.040	2.411	2.470	0	0.000
240650.028	2.411	2.470	0	0.000
240750.030	2.411	2.470	0	0.000
240850.027	2.411	2.475	0	0.000
240950.063	2.422	2.480	0	0.000
241050.111	2.422	2.480	0	0.000
241150.070	2.422	2.480	0	0.000
241250.040	2.422	2.480	0	0.000
241350.052	2.422	2.480	0	0.000
241450.028	2.422	2.480	0	0.000
241550.002	2.422	2.480	0	0.000
241650.015	2.422	2.480	0	0.000
241750.023	2.422	2.480	0	0.000
241850.023	2.422	2.480	0	0.000
241950.021	2.422	2.480	0	0.000
